5.828650169079659937e-01
9.083268927824694750e-01
8.712714833614187970e-01
5.571688342895605439e-01
8.989049421421695385e-01
8.852190211818005139e-01
5.729627364799942946e-01
5.390337287900237584e-01
5.281678531265652232e-01
5.781102067936370048e-01
5.044732455588278874e-01
4.967411515585745119e-01
4.976883950595107908e-01
5.026749241193393392e-01
5.316300183199488272e-01
5.440204274251966288e-01
5.781103487897594206e-01
4.960508037355298994e-01
4.971988479690524487e-01
5.008390786164650388e-01
5.607905505719046335e-01
5.373695908656423992e-01
5.225762072598383323e-01
5.715850824294533838e-01
5.075815695790590887e-01
5.058989405164071584e-01
5.301466648578714302e-01
5.065972079368545877e-01
5.005762986370739798e-01
5.627512962096640203e-01
5.007593103106185994e-01
5.042372948690703183e-01
5.128422774739763712e-01
5.209316671101775764e-01
5.348631324435982881e-01
4.946084424861138529e-01
4.985302806937058628e-01
5.064538129528176613e-01
5.685003274799431683e-01
4.974389324592930484e-01
5.061172510279664527e-01
4.987736949354858451e-01
4.975756306477854829e-01
5.292904243238729656e-01
5.133010989313212535e-01
4.968973819279701720e-01
5.561669048933763904e-01
5.327396096732063269e-01
4.952651819155937662e-01
4.989554273950475016e-01
5.299333658581906192e-01
5.265898322775870444e-01
5.257129698130568185e-01
5.046819380252690612e-01
5.095188807682374810e-01
5.001388212744998230e-01
5.536734063102284331e-01
5.100255378394176198e-01
5.144805123942810532e-01
4.963395134618280302e-01
5.534857798528247663e-01
4.951589735878064724e-01
4.970060890022675593e-01
4.961541758964059801e-01
5.261859768046881491e-01
5.022853530791200338e-01
5.421283433252032102e-01
5.327556599154782413e-01
4.977127400203628094e-01
5.358666612863332013e-01
4.985308508667850580e-01
5.169820441815354828e-01
5.004111602790088931e-01
5.142059330678322437e-01
4.964572499115881277e-01
4.962492196499823649e-01
5.081757481604071147e-01
5.159462831311676378e-01
5.145718434100348126e-01
5.154824301990765800e-01
5.225978547534344543e-01
5.182936818795066403e-01
4.972006783115087702e-01
5.021339708120549084e-01
4.949995606968644601e-01
4.990345546196734428e-01
5.237153957909437274e-01
4.952287023162345037e-01
4.954788860534962147e-01
4.959726785140488037e-01
5.017587952194784151e-01
5.151302688607161118e-01
4.997834958174337538e-01
4.960371906322520452e-01
5.407074737157753219e-01
4.946246765945891410e-01
5.192290738231074565e-01
5.078292065448111181e-01
5.160759322244883318e-01
4.949133919735547171e-01
4.960696014687572819e-01
5.368773621745859259e-01
4.996781520964167500e-01
5.568528353691211130e-01
4.975679868363334091e-01
5.178096576291768560e-01
5.026967677791289724e-01
5.058119286096683931e-01
5.094286787824611196e-01
4.957388371118111592e-01
5.248172084067025400e-01
8.810359743139831723e-01
4.976307564266505556e-01
5.486127090322643340e-01
5.136769246360253227e-01
4.945022787736355063e-01
5.261826021138550358e-01
5.016409453548644759e-01
4.955357010324775713e-01
4.969750021329075729e-01
4.992219893803332420e-01
5.066248318065001977e-01
4.978585064181980657e-01
5.070791171415056642e-01
5.018279351118621889e-01
5.156459870827675429e-01
5.064867723784947096e-01
5.153112981141481086e-01
5.108249721252309250e-01
5.664656309821619606e-01
4.954262313709161814e-01
5.310317222056035735e-01
5.006061447958367605e-01
4.946983058844297565e-01
5.474064365671559296e-01
5.026898844100239350e-01
5.001966207488712790e-01
5.083050161158256808e-01
4.986515210811592325e-01
5.333611749404898461e-01
5.050146371248945831e-01
5.458394385297660190e-01
5.025154528775342966e-01
4.960538493472303467e-01
4.996756562243602762e-01
4.994905822399956508e-01
4.981123989528162266e-01
5.519352878589990352e-01
5.227803190300271963e-01
5.019202427067775973e-01
5.223477673554731693e-01
5.035437935789967012e-01
5.105873529905672337e-01
5.200087880724673095e-01
4.989816145454838425e-01
5.194555743523432412e-01
5.067108839258954722e-01
5.042339975788958650e-01
5.454598338938967395e-01
5.196083052276899705e-01
4.970681526001279327e-01
4.949348991417210630e-01
5.095931212690512080e-01
5.128832356355053079e-01
5.253205660049594661e-01
4.960262159213986166e-01
5.417009090629367751e-01
4.953484000786803065e-01
4.945708576083269747e-01
4.958099659369518131e-01
4.971489712399590477e-01
4.954243208637916229e-01
5.488804171205414750e-01
5.426915566882140052e-01
5.224511370813739175e-01
5.437702496049210410e-01
4.956001945070810377e-01
5.030253784539979733e-01
4.996106768456400893e-01
4.957299733789174989e-01
5.017504300924746641e-01
5.510137992654052796e-01
4.952498357529525608e-01
4.961180606573951102e-01
5.177396074237019530e-01
4.955568602385157506e-01
5.016789164267153600e-01
5.186940187096751309e-01
5.321115654977324194e-01
4.948559785472814165e-01
4.996704115333187035e-01
4.955636376078338956e-01
4.951860797320992158e-01
5.059242709645169755e-01
5.067508598131753583e-01
5.031476488454662555e-01
5.057434053310838618e-01
4.991170633198043216e-01
4.977419804939839931e-01
5.449987549543255927e-01
5.022956610235220776e-01
5.224890357451111855e-01
5.187461806656195051e-01
4.955167303964301273e-01
5.050248847824722054e-01
5.012651875958775705e-01
5.113609682914590504e-01
4.952465300376696078e-01
4.989323816784446142e-01
5.218732696550005823e-01
4.946235853007409644e-01
4.971183845015583747e-01
5.135771109355171671e-01
5.273801691613788645e-01
4.980335421920920602e-01
5.163539903850627999e-01
4.954468549262651678e-01
4.947353918743284673e-01
4.965873454293407985e-01
4.980507389898186643e-01
5.158512169334215081e-01
5.065974019077776891e-01
5.022272156350462424e-01
5.095616535611821041e-01
4.997047646959925649e-01
4.961674705837528787e-01
5.129395515140877659e-01
8.732217547628546850e-01
5.132229168091476668e-01
4.948713175982113466e-01
4.979819610937968322e-01
5.415921670003038813e-01
4.978992232190901368e-01
9.010866273825888229e-01
5.217727409701672370e-01
5.123577408997476157e-01
5.276360389855101474e-01
4.957210608008558728e-01
4.954993069253139648e-01
8.839622617293052542e-01
5.007763904406691280e-01
5.039756348638864125e-01
4.950953774949270469e-01
5.361065306839034594e-01
4.961119448385883368e-01
4.952311148767003512e-01
5.148472687130787317e-01
4.967441869351290062e-01
5.115745908533451125e-01
5.052913238794862760e-01
5.024164884828632438e-01
5.220492742065740988e-01
5.518719168122834251e-01
5.129822821169508495e-01
5.170107632673954789e-01
4.965330637620741783e-01
4.991230983547716438e-01
4.964778789882773324e-01
4.959489617592962585e-01
5.187012091795413227e-01
4.971967840264505112e-01
5.032656919052684863e-01
4.955319095967273268e-01
5.038772583684614226e-01
5.048524466196229188e-01
5.395621997424701055e-01
5.023469153029659351e-01
5.156971015002353997e-01
5.005498281320891474e-01
5.270669783767629735e-01
4.992683432614554717e-01
5.093630275270162322e-01
4.957508576195247540e-01
5.457988033126289773e-01
4.971187774722543029e-01
5.034478350052025153e-01
4.988800816770779800e-01
5.136339595325959406e-01
5.275572700688228034e-01
4.948098479784832637e-01
4.959286513232971649e-01
5.090661922898290781e-01
5.058627403401410039e-01
5.171425956037265514e-01
5.116762942762600463e-01
5.211607446818954381e-01
5.114425476128557913e-01
4.985891117968572761e-01
5.495187755595903889e-01
5.105765364795846750e-01
4.957305368596869322e-01
5.083940528928166946e-01
5.092396143788404661e-01
5.021045068637232101e-01
5.127419325247823956e-01
5.191738742904009607e-01
9.030854611327624459e-01
5.082743322600937752e-01
4.976906721917397913e-01
5.173504324716626801e-01
5.010592226002479332e-01
4.970584731844111537e-01
5.348383715190114795e-01
4.983039222519733968e-01
5.181354220766918317e-01
4.957674036534162054e-01
5.157486890984670502e-01
5.526944998191637426e-01
5.571441212504429918e-01
5.380916478729708130e-01
5.106836791086132310e-01
4.980491993202510459e-01
5.046099855511929633e-01
4.966051486462333409e-01
4.952526761375642406e-01
5.114505916217718662e-01
5.096251485446622320e-01
4.956742131085791758e-01
5.070577426057266690e-01
5.674858622299326916e-01
5.226871828332946279e-01
5.105317896571874847e-01
4.954751138859875281e-01
5.585574820835890186e-01
5.034918259435291477e-01
5.078084728334271158e-01
5.213712692688773354e-01
5.025596554616246214e-01
5.115114674343851364e-01
4.974324291095129080e-01
4.982562977301973062e-01
5.013677112729908458e-01
5.143181274420827176e-01
4.963235570895311310e-01
5.038437140084685018e-01
4.946624503986543631e-01
5.396762030286569312e-01
4.995684831061453224e-01
5.097960850861501525e-01
5.115953229272416358e-01
5.090329862064073563e-01
5.378217500106743376e-01
5.494074781982762889e-01
5.317825926030743666e-01
5.009620329569846042e-01
5.225836683295492779e-01
5.011096079713507345e-01
5.262113167192237206e-01
5.187790892337124093e-01
4.957183675574988735e-01
5.247652157104634174e-01
4.946184773046012895e-01
5.292209847775835030e-01
5.190995068569372872e-01
5.016307275840140578e-01
5.284658604874862275e-01
5.021647717468241678e-01
4.956570866345662019e-01
4.994917153437430368e-01
5.104457553644187184e-01
5.169929455405624097e-01
5.033253369251000642e-01
5.034639625339230040e-01
4.951849552072328242e-01
4.955714383129824485e-01
4.959672628414116824e-01
5.045137242529244004e-01
5.111647086501055481e-01
5.125718008246110680e-01
5.350538049892763492e-01
4.984895181854266388e-01
4.948980220314756484e-01
4.957056258346196342e-01
8.751115714333409512e-01
5.246226535136360170e-01
5.056597388507357849e-01
5.093735550468913020e-01
5.240225888345941829e-01
5.015887858151508727e-01
4.954020285512300004e-01
4.986068997502929867e-01
5.016755405516895028e-01
5.112202432352419557e-01
5.313887248293911458e-01
4.964274406498553338e-01
5.101560697380455034e-01
5.060088390726400487e-01
5.367067056472023534e-01
5.585401651862694772e-01
5.066652695662405836e-01
4.959133324244107133e-01
5.645459214990655727e-01
4.950722965517525553e-01
4.953685078895070926e-01
5.003316591839022109e-01
5.162664493507755914e-01
5.051064533118299060e-01
5.249320223715662204e-01
5.124551618811228337e-01
5.226265409902679515e-01
5.162202426466109273e-01
8.787558700836484160e-01
5.120771496898531838e-01
4.982694541593420956e-01
4.965331402037980180e-01
4.959797477625140782e-01
5.091972829681090662e-01
4.954064945467423486e-01
4.961111569367518959e-01
4.955441026061537246e-01
5.021059470562708738e-01
5.039003711358206461e-01
5.106770405520884015e-01
5.045539480049752168e-01
5.076346126817116167e-01
4.955034440088287306e-01
5.293310054428147504e-01
9.061235912961630445e-01
5.143329102704360389e-01
5.645459248610136260e-01
5.416499394478574425e-01
4.954811766313016452e-01
4.974440101168348116e-01
8.760552339656123566e-01
5.008744134198279685e-01
5.129653619252309005e-01
5.226268478925462091e-01
5.094681064228838707e-01
5.498638117857638230e-01
5.236579328607395833e-01
4.955441046020747087e-01
5.336266656424430987e-01
5.237487296767125988e-01
4.975439095262788047e-01
4.970951607386778215e-01
4.992573667373674251e-01
9.051379141531091799e-01
5.074138899886753151e-01
4.994513095369794708e-01
4.956934777687277416e-01
5.275542560335461095e-01
5.072175784690721168e-01
5.127766253358888582e-01
5.068710144940431483e-01
5.199842799109665181e-01
5.240250558226432487e-01
4.959619009280432089e-01
5.365681323115129020e-01
5.045603767305784082e-01
5.125842234182453883e-01
4.948351327483808126e-01
5.051037465975115603e-01
5.158212813447689005e-01
5.103069378937310496e-01
8.778360722062092947e-01
4.956161948007524742e-01
5.076993024310085811e-01
5.276996127005686432e-01
5.367081193895721913e-01
4.947201846786701274e-01
4.954843483766134815e-01
5.246893710700200053e-01
5.036199819150904977e-01
5.109960878147055130e-01
4.993161104292982433e-01
5.262417903842852018e-01
5.091811564839185955e-01
4.961424501384147367e-01
4.975635096809907787e-01
5.107981971863707615e-01
5.487539428303099820e-01
4.956960147892560675e-01
5.278860155193372261e-01
5.075617496904929471e-01
5.092879516002283280e-01
4.994278544133520792e-01
5.199846504127175750e-01
4.956267856166298724e-01
4.950525622218201471e-01
5.352784360662165009e-01
5.236009269293445678e-01
4.976018179441941136e-01
5.214068318930522583e-01
5.118099353544175445e-01
4.954413417414262888e-01
4.981459182699358168e-01
5.060748961272413249e-01
4.984089949393216701e-01
4.958091423470620818e-01
4.950927701309651985e-01
5.075115548801735210e-01
5.262444181014629407e-01
5.086327855949757115e-01
4.955637678553261871e-01
4.996619628766553189e-01
4.968188877950882043e-01
4.960673383877890474e-01
5.115944714032640839e-01
5.018162886554953239e-01
4.965100860552000839e-01
