9.132066648194093750e-01
6.093196816022661277e-01
8.529474848448795887e-01
6.493563743784886988e-01
6.190409608888445270e-01
6.660173413427530331e-01
6.746121954867413395e-01
6.390937735600646930e-01
5.882599454560043517e-01
6.487818825876766615e-01
6.072935554402481007e-01
5.977768506279427241e-01
5.914685357157317691e-01
8.440599622816933323e-01
6.661149005480138108e-01
6.374601506473951407e-01
6.344950312786425961e-01
8.219549184065195746e-01
5.871349629102362577e-01
6.002685979043381748e-01
6.464526652181739053e-01
5.805874378520174961e-01
5.901843382806651883e-01
6.490008816485027809e-01
9.165591538203846644e-01
6.092554189992672731e-01
8.696963954355203530e-01
8.178133161758792680e-01
6.092692871303273527e-01
6.014597968172630260e-01
5.915360857295632879e-01
5.894610274705844866e-01
5.810779838483028925e-01
8.412138327117151260e-01
6.203490289749515885e-01
5.874509697191914182e-01
5.980117615970752531e-01
5.824167159766286961e-01
6.052418703536109890e-01
6.188865724878409580e-01
5.923698450928605030e-01
9.250329840385111968e-01
6.001826823168759928e-01
5.952199166673224351e-01
6.138389151781565856e-01
6.287779719146000534e-01
6.018268728323972194e-01
6.050651931532307071e-01
6.010566151060856566e-01
5.839186366016144714e-01
6.346126388616752934e-01
8.193240830429868726e-01
6.265034696114033519e-01
8.083160867454002307e-01
5.898533979946969374e-01
6.295383374468822568e-01
5.981729440438302570e-01
