-0.020222383646002907 -0.032943865692147405 0.0399997434718925 -0.11519370183075338 -0.01674966434160266 0.008711943168644353 -0.06031440009942614 0.013199502786450724 0.04 0.00011096258676622496 0.00022817237497700334 0.005 6.487023947742421e-05 0.0001354608002436993 0.005611143289699228 
-0.019156136813364824 -0.03310372062045585 0.04 -0.13797188777533076 -0.02054432917001594 0.005 -0.06079056809804014 0.014182642941912734 0.04 2.0777242381334287e-05 -7.377615537805112e-05 0.005295608275478086 -2.8519397159338134e-05 1.62272091272966e-05 0.007595428140695192 
-0.022224107033016346 -0.03303786432938074 0.04 -0.09884616295840856 -0.01264852891056842 0.014335257834091978 -0.059435280450892365 0.011104210007226003 0.03999995302183328 1.126971176681483e-05 -0.0002532115916807062 0.005 -7.0938857023402e-06 7.076392347443836e-05 0.005124449506834942 
-0.020393469212833755 -0.03301674742569103 0.04 -0.12110832294681535 -0.017010317169901885 0.007542186489224324 -0.06027778617767199 0.013151506476398832 0.04 -6.112540256771894e-06 5.491578260596055e-05 0.005054635863443034 6.836246700647395e-05 -2.620535417542115e-05 0.005552492508294494 
-0.02635436656011892 -0.034456479661972045 0.03999792124066479 -0.13682275416804218 -0.013783821961986449 0.006066828938421761 -0.05734472156807309 0.004605825807646313 0.04 0.0002705704107769911 0.00010994004011026084 0.005154515590913219 -1.4695361251926868e-05 0.0001087054351236277 0.005259364787032136 
-0.03353653615778223 -0.03471249301234868 0.039598201132225896 -0.15303163446305693 -0.010696698809234097 0.005025945459420145 -0.052429879171431014 -0.010708950779186995 0.03987737530899525 -0.002323227354850419 0.007410437443104397 0.005 -0.004361876484886471 0.002475608050825503 0.005 
-0.017866214221397503 -0.03331287201439912 0.04 -0.11592419128528539 -0.01842934992058063 0.008288607877905828 -0.061326830746065264 0.015071115902547588 0.04 -0.00015024710000849004 7.577528402931209e-05 0.005 1.3886720663033525e-05 -7.323347069093063e-05 0.0052017116807391095 
-0.030319377434268435 -0.03701762982602737 0.039981669511804506 -0.12725138197113564 -0.011797669306077585 0.008646790848263001 -0.05549720737648356 -0.0031042231107738425 0.039930050350748876 -0.0005209326801042568 0.00040284218601039745 0.006567236504580423 -0.0007317204919696088 0.0005090546633075923 0.005634619772654847 
-0.027286751448826092 -0.03486802913689178 0.03999428588205454 -0.0754221314658706 -0.00736943280155811 0.03714923926827661 -0.056966450950953394 0.0028427753162252687 0.03999236213986027 -0.0003678735492933664 -0.0003913043906373354 0.0053775895242472605 -0.00014235467743217684 0.0005067409432098166 0.005 
-0.018486409905652326 -0.03314606136395032 0.04 -0.12052175123494441 -0.01863691153433364 0.0074020772772170895 -0.061122880971070256 0.014798022226276079 0.04 -0.0006077041077668962 5.0300535030423695e-05 0.005364050423221091 -5.8950369655708546e-05 -0.00013500164908507054 0.005492921368195333 
-0.0236153556177947 -0.033763889446627254 0.03998170418832511 -0.13214612691175567 -0.015302023348858575 0.0062788566651640326 -0.05864671610450496 0.008725027174301452 0.04 0.00041564305697668194 -0.00025060467106393204 0.005200577571586489 6.841045108696179e-05 2.8487506349253257e-05 0.005434132149966673 
-0.029340368736363327 -0.03592002032951188 0.03998016970051708 -0.11479180274127025 -0.010087797550936453 0.011253268512343116 -0.055772189189932916 -0.0015961938646188597 0.03999487921918209 -0.00024015728704350372 0.0003768059563209391 0.0051441581296695635 -0.000514832555517924 -0.0003364332874607911 0.0056479366852361535 
-0.020504519495888593 -0.03281512252485721 0.03999413001112665 -0.13323932737541616 -0.018957683580494242 0.0056441799196174985 -0.060466127588651525 0.013419859000840972 0.03999949802566515 0.0004604968041535506 -0.0005328979612378134 0.005 -0.0003108262615490862 0.00023371393314677098 0.005 
-0.018212455222736342 -0.03316076772360293 0.04 -0.09897086477343836 -0.01556468090119639 0.013347108582930412 -0.06122170068925587 0.014961185917550808 0.04 2.8271205190531627e-05 0.000154288910399764 0.006890225845959873 -3.4451952718676885e-05 9.240336955799501e-05 0.005915669267276712 
-0.01593288100855877 -0.03374248657306165 0.03999949823679365 -0.13553064705932863 -0.02331169019759487 0.005079711773631936 -0.06204022203391544 0.01619418476065857 0.039999989110639914 -1.915996700837377e-05 -4.526419614019912e-06 0.005528680838216592 2.6240932085564892e-05 2.0219587637444724e-06 0.005033447352158386 
