0.27418326634003076
0.2519307687640336
0.33433016861927156
0.27732108381450515
0.5489622389901959
0.9872488571869961
0.23429117148485618
0.832917500588421
0.6062560309259302
0.2396975124303039
0.4105154318490922
0.7544464165426257
0.2698125585507558
0.23643100341486414
0.2217394244553111
0.24154636776583316
0.46428386279223427
0.7529399445645643
0.24011709455272998
0.3007928597536317
0.9349965675798395
0.2263556720947665
0.2949385133390487
0.42884650418616344
0.9674571863241556
0.8439367442769048
0.25379951677835977
0.22887095188822718
0.2279340406044581
0.43675014894292025
0.25029411437680604
0.7908904433454537
0.2676407648379853
0.9733890057033519
0.2211269201081317
0.2747336102418066
0.8391093697865513
0.26277397634105837
0.9768508835126336
0.24533614355074626
0.24382890187664474
0.22622728475893178
0.38860128230993224
0.32346947025349115
0.6058925027662722
0.3985725324279049
0.22765717071272953
0.5431767046507187
