0.4562074305317882
0.4307179448962541
0.48285281763321547
0.45851806839328285
0.49388505462612553
0.4118194010362879
0.38716171195292415
0.47612799279593787
0.4925219175116538
0.4054648931896637
0.4923786895146867
0.48563420706967103
0.45166723784555884
0.39386868904977135
0.2893429888350389
0.40919376194324164
0.49423544362728045
0.4862635443560307
0.4062653668204207
0.47206200717702956
0.46381813707852015
0.35154031600070157
0.4692223571634514
0.49377059177035215
0.4265292131706352
0.4791223069644799
0.4317824981918523
0.35742992964329867
0.3540969168892103
0.49364787174074154
0.4297484244510664
0.4841143440888598
0.4488728002033845
0.4281612719748571
0.2736423715511598
0.45781679308525214
0.4790354953454149
0.4452099677442925
0.42269991227442144
0.4182302393608897
0.4131047075026255
0.34369586783675343
0.4906932663653785
0.48052701868442815
0.49216201462240844
0.49179002919244863
0.3530045347756885
0.4941309109240829
