9.340580487701556356e-01
1.578353353330312903e-01
7.584963878070583032e-01
4.294026862487393958e-01
4.480397931895551689e-01
1.108756788860914555e-01
2.501603203333928604e-01
3.356830023246361594e-01
6.176862135432239498e-01
7.368233157771847397e-01
1.287188693109811433e-01
2.383813485401100052e-01
2.198214800071807418e-01
7.771389239094366186e-01
2.064145313512153745e-01
1.369676926721978272e-01
8.906557225385265397e-01
5.850281977247425713e-01
3.693952994621569896e-01
6.423384540457469649e-01
3.261127116386255409e-01
8.031613505487323890e-01
3.467871744464524619e-01
7.888110059226557391e-01
5.175661725222389098e-01
4.025648439155056768e-01
2.546066539974249920e-01
8.689089640974894113e-01
4.887475951344655289e-01
3.810485291067039482e-01
5.097327929860538953e-01
2.260328707078453903e-01
4.267918856789162940e-01
1.752351904697311558e-01
5.003753341363192941e-01
6.877911925521560388e-01
2.655232981627112521e-01
4.184535957805882722e-01
2.019746763610063001e-01
5.511388978363150892e-01
6.597717710532086111e-01
1.026736341656008661e-01
6.020015886153473605e-01
8.477720918487499091e-01
5.786883077255604579e-01
7.307618185749056305e-01
4.824947818241420161e-01
7.003432992894226272e-01
3.687291124002815557e-01
5.275258333665779897e-01
2.771487836361252732e-01
5.628764884944643665e-01
3.118262710626479306e-01
9.177586807744291253e-01
9.055980899162396902e-01
8.167528655150703143e-01
3.660137173070839300e-01
1.842357073464875594e-01
1.928677794195484130e-01
7.213090342076171613e-01
5.669910766567927141e-01
1.346369734774418847e-01
1.675485075120284328e-01
2.813576292963934078e-01
6.021839742100743020e-01
6.336825213182855077e-01
8.599266756337392570e-01
1.032240317840373983e-01
6.770383556513139833e-01
3.025498392644592749e-01
4.564554819140224651e-01
5.381076745394053340e-01
8.336665838314558652e-01
2.921392267136379006e-01
3.913539337936367546e-01
7.096461598842547236e-01
2.870125215790439999e-01
7.076577599711901811e-01
3.890643467825728452e-01
3.169915202731465875e-01
3.015692674798184370e-01
6.615242644217147472e-01
1.675535768412519944e-01
4.629369118997733179e-01
6.341243114997842101e-01
6.745986272863201405e-01
