-1.985365283640699169e-02 -3.509955801448345902e-02 2.942100085917258995e-02 -8.453730230326542139e-02 -1.293571975103203001e-02 2.031091863944861978e-02 -6.235749528569305145e-02 1.664397396525884795e-02 3.999924652706590006e-02 7.446268654342446357e-04 8.554317499589155285e-04 6.870257734823123630e-03 2.865189639679275452e-04 -1.770307430995874017e-04 7.365196029004515005e-03
-2.919236370086870230e-02 -4.272486789308868604e-02 2.942100085917258995e-02 -8.951471364289322052e-02 -9.038540255108504923e-03 2.167090198143406532e-02 -5.560232659360112017e-02 -9.614983775353743573e-03 3.985360162841501686e-02 2.422543578744396249e-04 8.554317499589155285e-04 5.013683573848719092e-03 -6.435140391546015012e-03 -1.770307430995874017e-04 6.466603817497726218e-03
-1.985365283640699169e-02 -3.632439928113218724e-02 3.082970630987387842e-02 -8.453730230326542139e-02 -1.353905256153401133e-02 2.031091863944861978e-02 -6.055421740027864402e-02 1.206814810946827202e-02 3.999924652706590006e-02 3.014330042521707036e-04 -1.652363971214642572e-03 5.004536757418969958e-03 5.782184748193365444e-04 -1.770307430995874017e-04 5.780052037318829383e-03
-2.644410616979967280e-02 -3.761253187630633071e-02 3.757874869313358734e-02 -8.951471364289322052e-02 -9.908389082536762232e-03 2.250182927067695057e-02 -5.800218148241841065e-02 6.100697620476612341e-03 3.999867847161821949e-02 4.977606579385806564e-04 8.554317499589155285e-04 8.229115413381137001e-03 5.782184748193365444e-04 -1.770307430995874017e-04 9.289759388742565779e-03
-2.644410616979967280e-02 -3.684817296544111442e-02 3.757874869313358734e-02 -8.951471364289322052e-02 -8.516106497077206502e-03 2.250182927067695057e-02 -5.800218148241841065e-02 6.100697620476612341e-03 3.999867847161821949e-02 4.977606579385806564e-04 8.554317499589155285e-04 8.229115413381137001e-03 5.782184748193365444e-04 -1.770307430995874017e-04 9.289759388742565779e-03
-2.919236370086870230e-02 -4.272486789308868604e-02 3.219409790965482854e-02 -8.951471364289322052e-02 -8.516106497077206502e-03 2.337064492608802516e-02 -5.560232659360112017e-02 -9.983185534651292312e-03 3.895442541983199641e-02 2.422543578744396249e-04 8.554317499589155285e-04 5.013683573848719092e-03 -4.034407748461959673e-05 -1.770307430995874017e-04 5.138488072929079525e-03
-3.316707423701444057e-02 -3.723058912629877842e-02 3.122414677398072103e-02 -8.951471364289322052e-02 -8.516106497077206502e-03 2.241232833370731398e-02 -5.560232659360112017e-02 -3.191048543262128140e-03 3.990411132505129743e-02 7.446268654342446357e-04 8.554317499589155285e-04 5.027886097176498259e-03 2.865189639679275452e-04 -5.120891225049556059e-03 6.466603817497726218e-03
-2.644410616979967280e-02 -3.723058912629877842e-02 3.757874869313358734e-02 -8.951471364289322052e-02 -8.516106497077206502e-03 2.250182927067695057e-02 -5.560232659360112017e-02 9.685229342390362650e-04 3.999867847161821949e-02 7.446268654342446357e-04 8.554317499589155285e-04 8.229115413381137001e-03 1.497452704125159031e-04 -1.770307430995874017e-04 5.255454489964618038e-03
-1.985365283640699169e-02 -3.632439928113218724e-02 3.757874869313358734e-02 -8.453730230326542139e-02 -9.908389082536762232e-03 2.271476342255573239e-02 -5.800218148241841065e-02 1.069406475676099727e-02 3.986521696006213589e-02 -1.095604241054414299e-03 8.554317499589155285e-04 5.469196906300386254e-03 5.782184748193365444e-04 -1.770307430995874017e-04 1.046396867389400021e-02
-1.985365283640699169e-02 -3.599280288800539573e-02 3.427807247727045203e-02 -8.453730230326542139e-02 -9.908389082536762232e-03 2.178909961076883756e-02 -6.055421740027864402e-02 1.206814810946827202e-02 3.999924652706590006e-02 3.014330042521707036e-04 -1.652363971214642572e-03 5.444405801685175093e-03 1.497452704125159031e-04 -1.770307430995874017e-04 7.365196029004515005e-03
-2.919236370086870230e-02 -4.272486789308868604e-02 3.122414677398072103e-02 -8.951471364289322052e-02 -8.516106497077206502e-03 2.241232833370731398e-02 -5.452405479507153180e-02 -9.614983775353743573e-03 3.983975045869690007e-02 7.446268654342446357e-04 8.554317499589155285e-04 5.255075193106071609e-03 -4.034407748461959673e-05 -1.770307430995874017e-04 5.271318074033388458e-03
-3.316707423701444057e-02 -3.828071391808162555e-02 3.136117185046706501e-02 -8.951471364289322052e-02 -9.908389082536762232e-03 2.337064492608802516e-02 -5.560232659360112017e-02 -3.191048543262128140e-03 3.999962332219204192e-02 2.422543578744396249e-04 8.554317499589155285e-04 5.027886097176498259e-03 2.865189639679275452e-04 -1.770307430995874017e-04 1.085130888037202923e-02
-2.824183906605504113e-02 -3.761253187630633071e-02 3.424215884970882584e-02 -8.951471364289322052e-02 -8.516106497077206502e-03 2.104962770422874954e-02 -5.560232659360112017e-02 -9.614983775353743573e-03 3.999908388289211136e-02 7.446268654342446357e-04 8.554317499589155285e-04 5.177161094462865917e-03 1.497452704125159031e-04 -1.770307430995874017e-04 7.165413890512100509e-03
-1.994259162827830001e-02 -3.632439928113218724e-02 3.213667782470884526e-02 -8.453730230326542139e-02 -1.293571975103203001e-02 2.031091863944861978e-02 -6.060247288821668521e-02 1.420053339821631191e-02 3.941062869210789493e-02 2.289823722926441658e-04 8.554317499589155285e-04 5.151715123832002231e-03 -3.918801394330509620e-03 -1.770307430995874017e-04 5.160735312158258939e-03
-2.658481606919134779e-02 -3.761253187630633071e-02 3.757874869313358734e-02 -8.951471364289322052e-02 -9.908389082536762232e-03 2.186162630575161359e-02 -5.560232659360112017e-02 -9.983185534651292312e-03 3.999867847161821949e-02 7.446268654342446357e-04 8.554317499589155285e-04 9.047652891465673627e-03 1.497452704125159031e-04 -1.770307430995874017e-04 1.085130888037202923e-02
-2.919236370086870230e-02 -4.272486789308868604e-02 3.219409790965482854e-02 -8.951471364289322052e-02 -9.908389082536762232e-03 2.337064492608802516e-02 -5.560232659360112017e-02 -7.885664952810388442e-03 3.998978042196515287e-02 7.446268654342446357e-04 8.554317499589155285e-04 9.047652891465673627e-03 1.497452704125159031e-04 -1.770307430995874017e-04 1.085130888037202923e-02
-1.985365283640699169e-02 -3.599280288800539573e-02 2.942100085917258995e-02 -8.453730230326542139e-02 -1.293571975103203001e-02 2.031091863944861978e-02 -6.154452407218703736e-02 1.664397396525884795e-02 3.992333036595018675e-02 -1.095604241054414299e-03 -1.652363971214642572e-03 5.045660450131148056e-03 2.865189639679275452e-04 -1.770307430995874017e-04 8.982817791751623177e-03
-1.985365283640699169e-02 -3.632439928113218724e-02 3.757874869313358734e-02 -8.453730230326542139e-02 -9.908389082536762232e-03 2.271476342255573239e-02 -5.800218148241841065e-02 8.511559443627410987e-03 3.999867847161821949e-02 2.527892842999889412e-04 8.554317499589155285e-04 5.469196906300386254e-03 5.782184748193365444e-04 -1.770307430995874017e-04 1.046396867389400021e-02
-2.658481606919134779e-02 -3.723058912629877842e-02 3.757874869313358734e-02 -8.951471364289322052e-02 -9.908389082536762232e-03 2.186162630575161359e-02 -5.800218148241841065e-02 9.685229342390362650e-04 3.999867847161821949e-02 7.446268654342446357e-04 8.554317499589155285e-04 7.506953615319631422e-03 1.497452704125159031e-04 -1.770307430995874017e-04 5.255454489964618038e-03
-2.658481606919134779e-02 -3.509955801448345902e-02 2.914976104968498502e-02 -8.453730230326542139e-02 -9.908389082536762232e-03 2.151314902110943589e-02 -5.843943893586173166e-02 1.069406475676099727e-02 3.986521696006213589e-02 -1.095604241054414299e-03 8.554317499589155285e-04 5.358855635730866429e-03 1.497452704125159031e-04 -1.770307430995874017e-04 1.046396867389400021e-02
-2.824183906605504113e-02 -3.761253187630633071e-02 3.499843310310226524e-02 -8.951471364289322052e-02 -8.516106497077206502e-03 2.104962770422874954e-02 -5.560232659360112017e-02 2.759324789997196631e-04 3.999981503318771753e-02 7.446268654342446357e-04 8.554317499589155285e-04 5.177161094462865917e-03 1.497452704125159031e-04 -1.770307430995874017e-04 7.165413890512100509e-03
-1.985365283640699169e-02 -3.599280288800539573e-02 3.115822330980381333e-02 -8.453730230326542139e-02 -1.353905256153401133e-02 2.031091863944861978e-02 -6.055421740027864402e-02 1.445654026176551588e-02 3.999924652706590006e-02 3.014330042521707036e-04 -1.652363971214642572e-03 5.004536757418969958e-03 -3.918801394330509620e-03 -1.770307430995874017e-04 8.982817791751623177e-03
-2.644410616979967280e-02 -3.723058912629877842e-02 3.651592749513303537e-02 -8.951471364289322052e-02 -8.516106497077206502e-03 2.145825125868727062e-02 -5.560232659360112017e-02 9.685229342390362650e-04 3.999160574505751520e-02 7.446268654342446357e-04 8.554317499589155285e-04 9.047652891465673627e-03 1.497452704125159031e-04 -1.770307430995874017e-04 5.076401362807615898e-03
-1.985365283640699169e-02 -3.694252677325988304e-02 3.028915549561375653e-02 -8.453730230326542139e-02 -1.293571975103203001e-02 2.031091863944861978e-02 -6.055421740027864402e-02 1.412874404246188681e-02 3.992333036595018675e-02 -1.095604241054414299e-03 8.554317499589155285e-04 5.382417753132570648e-03 2.865189639679275452e-04 -1.770307430995874017e-04 5.198959113333417696e-03
-2.658481606919134779e-02 -3.509955801448345902e-02 3.757874869313358734e-02 -8.951471364289322052e-02 -9.908389082536762232e-03 2.186162630575161359e-02 -5.800218148241841065e-02 8.511559443627410987e-03 3.999867847161821949e-02 -1.893814237006520053e-05 8.554317499589155285e-04 6.662002469150499900e-03 1.497452704125159031e-04 -1.770307430995874017e-04 1.046396867389400021e-02
-2.644410616979967280e-02 -3.632439928113218724e-02 3.651592749513303537e-02 -8.951471364289322052e-02 -9.908389082536762232e-03 2.138718918542744860e-02 -5.800218148241841065e-02 9.685229342390362650e-04 3.990411132505129743e-02 7.446268654342446357e-04 8.554317499589155285e-04 7.961260811482739896e-03 1.497452704125159031e-04 -1.770307430995874017e-04 6.029162512933703560e-03
-2.644410616979967280e-02 -3.875961503863472463e-02 3.757874869313358734e-02 -8.951471364289322052e-02 -8.516106497077206502e-03 2.241232833370731398e-02 -5.560232659360112017e-02 -3.191048543262128140e-03 3.992333036595018675e-02 2.422543578744396249e-04 8.554317499589155285e-04 1.041700611142959074e-02 -4.034407748461959673e-05 -1.770307430995874017e-04 5.255454489964618038e-03
-1.985365283640699169e-02 -3.599280288800539573e-02 3.213667782470884526e-02 -8.453730230326542139e-02 -1.293571975103203001e-02 2.031091863944861978e-02 -6.154452407218703736e-02 1.664397396525884795e-02 3.992333036595018675e-02 -1.095604241054414299e-03 8.554317499589155285e-04 5.602935219960277283e-03 2.865189639679275452e-04 -1.770307430995874017e-04 8.982817791751623177e-03
-2.644410616979967280e-02 -3.632439928113218724e-02 3.355129133988151574e-02 -8.623376887042806527e-02 -9.908389082536762232e-03 2.250182927067695057e-02 -5.800218148241841065e-02 5.289692941456924924e-03 3.990411132505129743e-02 -1.095604241054414299e-03 8.554317499589155285e-04 1.041700611142959074e-02 -4.034407748461959673e-05 -1.770307430995874017e-04 5.094896505186672676e-03
-2.644410616979967280e-02 -3.632439928113218724e-02 3.890473839520261490e-02 -8.453730230326542139e-02 -9.908389082536762232e-03 2.536334150362196810e-02 -5.800218148241841065e-02 9.685229342390362650e-04 3.999867847161821949e-02 2.289823722926441658e-04 8.554317499589155285e-04 1.041700611142959074e-02 1.497452704125159031e-04 -1.770307430995874017e-04 5.198959113333417696e-03
-2.779280163264725295e-02 -3.632439928113218724e-02 3.424215884970882584e-02 -8.951471364289322052e-02 -9.908389082536762232e-03 2.047078935801897523e-02 -5.800218148241841065e-02 8.511559443627410987e-03 3.992333036595018675e-02 2.422543578744396249e-04 8.554317499589155285e-04 5.444405801685175093e-03 2.865189639679275452e-04 -1.770307430995874017e-04 1.163839463448341181e-02
-3.316707423701444057e-02 -3.723058912629877842e-02 3.297456636192082347e-02 -8.951471364289322052e-02 -8.516106497077206502e-03 2.337064492608802516e-02 -5.560232659360112017e-02 -3.191048543262128140e-03 3.990411132505129743e-02 2.422543578744396249e-04 8.554317499589155285e-04 5.027886097176498259e-03 2.865189639679275452e-04 -5.120891225049556059e-03 6.466603817497726218e-03
-2.779280163264725295e-02 -3.632439928113218724e-02 3.393880221642160688e-02 -8.623376887042806527e-02 -9.908389082536762232e-03 2.186162630575161359e-02 -5.843943893586173166e-02 9.685229342390362650e-04 3.990411132505129743e-02 -1.893814237006520053e-05 8.554317499589155285e-04 5.444405801685175093e-03 1.497452704125159031e-04 -1.770307430995874017e-04 5.094896505186672676e-03
-2.977551640370921723e-02 -3.875961503863472463e-02 3.283239497743642432e-02 -8.951471364289322052e-02 -8.516106497077206502e-03 2.186162630575161359e-02 -5.452405479507153180e-02 -9.614983775353743573e-03 3.999160574505751520e-02 2.422543578744396249e-04 8.554317499589155285e-04 5.444405801685175093e-03 2.865189639679275452e-04 -1.770307430995874017e-04 5.076401362807615898e-03
-2.644410616979967280e-02 -3.599280288800539573e-02 3.428328907650089741e-02 -8.623376887042806527e-02 -9.908389082536762232e-03 2.186162630575161359e-02 -5.843943893586173166e-02 5.289692941456924924e-03 3.999924652706590006e-02 -1.893814237006520053e-05 -6.118502192976242680e-04 5.444405801685175093e-03 2.865189639679275452e-04 -1.770307430995874017e-04 6.269857378748584786e-03
-1.985365283640699169e-02 -3.599280288800539573e-02 3.428328907650089741e-02 -8.453730230326542139e-02 -1.293571975103203001e-02 2.186162630575161359e-02 -5.843943893586173166e-02 1.227039093254485985e-02 3.999924652706590006e-02 -1.893814237006520053e-05 -6.118502192976242680e-04 1.041700611142959074e-02 1.497452704125159031e-04 -1.770307430995874017e-04 6.444827590957416009e-03
-2.977551640370921723e-02 -3.828071391808162555e-02 3.283239497743642432e-02 -9.016643039093974465e-02 -8.841929317164496163e-03 2.167090198143406532e-02 -5.560232659360112017e-02 -3.191048543262128140e-03 3.999962332219204192e-02 2.422543578744396249e-04 8.554317499589155285e-04 5.027886097176498259e-03 2.865189639679275452e-04 -1.770307430995874017e-04 1.085130888037202923e-02
-2.658481606919134779e-02 -3.761253187630633071e-02 3.424215884970882584e-02 -8.951471364289322052e-02 -8.516106497077206502e-03 2.186162630575161359e-02 -5.560232659360112017e-02 5.289692941456924924e-03 3.999867847161821949e-02 -1.893814237006520053e-05 8.554317499589155285e-04 5.094206738618555635e-03 2.865189639679275452e-04 -1.770307430995874017e-04 7.165413890512100509e-03
-2.977551640370921723e-02 -3.761253187630633071e-02 3.424215884970882584e-02 -9.102225993745463595e-02 -8.516106497077206502e-03 2.063594744517577295e-02 -5.560232659360112017e-02 -9.614983775353743573e-03 3.992333036595018675e-02 2.422543578744396249e-04 -9.335321782092294296e-03 5.013683573848719092e-03 2.865189639679275452e-04 -1.770307430995874017e-04 1.085130888037202923e-02
-2.644410616979967280e-02 -3.509955801448345902e-02 3.424215884970882584e-02 -8.623376887042806527e-02 -9.908389082536762232e-03 2.186162630575161359e-02 -5.800218148241841065e-02 8.511559443627410987e-03 3.990411132505129743e-02 -1.893814237006520053e-05 8.554317499589155285e-04 5.298789933155873683e-03 -4.034407748461959673e-05 -1.770307430995874017e-04 9.058063487240711198e-03
-1.985365283640699169e-02 -3.632439928113218724e-02 3.427807247727045203e-02 -8.453730230326542139e-02 -1.353905256153401133e-02 2.031091863944861978e-02 -5.843943893586173166e-02 1.061365384933210879e-02 3.999908388289211136e-02 3.014330042521707036e-04 8.554317499589155285e-04 5.177161094462865917e-03 1.497452704125159031e-04 -1.770307430995874017e-04 7.165413890512100509e-03
-2.919236370086870230e-02 -4.272486789308868604e-02 3.305653043865021401e-02 -8.951471364289322052e-02 -9.908389082536762232e-03 2.337064492608802516e-02 -5.560232659360112017e-02 -9.983185534651292312e-03 3.895442541983199641e-02 7.446268654342446357e-04 8.554317499589155285e-04 9.047652891465673627e-03 -4.708372116792731467e-03 -1.770307430995874017e-04 1.085130888037202923e-02
-2.658481606919134779e-02 -3.509955801448345902e-02 2.999679821529377052e-02 -8.453730230326542139e-02 -9.908389082536762232e-03 2.151314902110943589e-02 -5.843943893586173166e-02 8.511559443627410987e-03 3.999867847161821949e-02 2.527892842999889412e-04 8.554317499589155285e-04 5.358855635730866429e-03 1.497452704125159031e-04 -1.770307430995874017e-04 1.046396867389400021e-02
-1.985365283640699169e-02 -3.599280288800539573e-02 3.082970630987387842e-02 -8.453730230326542139e-02 -1.353905256153401133e-02 2.031091863944861978e-02 -6.055421740027864402e-02 1.664397396525884795e-02 3.992333036595018675e-02 3.014330042521707036e-04 -1.652363971214642572e-03 5.004536757418969958e-03 2.865189639679275452e-04 -1.770307430995874017e-04 8.982817791751623177e-03
-2.658481606919134779e-02 -3.509955801448345902e-02 3.214898446559059930e-02 -8.453730230326542139e-02 -9.908389082536762232e-03 2.339947977278144034e-02 -5.843943893586173166e-02 8.511559443627410987e-03 3.973036597348383187e-02 -1.095604241054414299e-03 8.554317499589155285e-04 5.298789933155873683e-03 2.865189639679275452e-04 -1.770307430995874017e-04 7.400409585721870465e-03
-1.985365283640699169e-02 -3.599280288800539573e-02 3.427807247727045203e-02 -8.453730230326542139e-02 -9.908389082536762232e-03 2.018186138788257214e-02 -6.055421740027864402e-02 1.138185661892321919e-02 3.999924652706590006e-02 1.630236693597960718e-03 -1.652363971214642572e-03 5.444405801685175093e-03 1.497452704125159031e-04 4.719530144548412728e-03 7.365196029004515005e-03
-2.644410616979967280e-02 -3.761253187630633071e-02 3.318966058417607140e-02 -8.951471364289322052e-02 -9.908389082536762232e-03 2.151314902110943589e-02 -5.843943893586173166e-02 5.289692941456924924e-03 3.992333036595018675e-02 2.422543578744396249e-04 -6.118502192976242680e-04 1.041700611142959074e-02 -4.034407748461959673e-05 -1.770307430995874017e-04 5.156165526395938004e-03
-1.985365283640699169e-02 -3.599280288800539573e-02 3.213667782470884526e-02 -8.623376887042806527e-02 -9.908389082536762232e-03 1.992628600604751457e-02 -5.831505130256422337e-02 1.227039093254485985e-02 3.994054198165038899e-02 2.370013917243440731e-04 2.393146113045259860e-03 5.602935219960277283e-03 2.865189639679275452e-04 -2.390765014960524889e-04 8.982817791751623177e-03
-2.644410616979967280e-02 -3.761253187630633071e-02 3.406917656547032297e-02 -8.951471364289322052e-02 -9.908389082536762232e-03 2.047078935801897523e-02 -5.843943893586173166e-02 -2.820652226780248975e-03 3.999867847161821949e-02 2.422543578744396249e-04 -6.118502192976242680e-04 5.298789933155873683e-03 1.497452704125159031e-04 -1.770307430995874017e-04 1.163839463448341181e-02
-2.658481606919134779e-02 -3.509955801448345902e-02 3.757874869313358734e-02 -8.951471364289322052e-02 -9.908389082536762232e-03 2.186162630575161359e-02 -5.843943893586173166e-02 8.511559443627410987e-03 3.999867847161821949e-02 -1.893814237006520053e-05 8.554317499589155285e-04 6.662002469150499900e-03 1.497452704125159031e-04 -1.770307430995874017e-04 5.094896505186672676e-03
-2.977551640370921723e-02 -3.916619641205851959e-02 3.247186714826307691e-02 -8.951471364289322052e-02 -8.516106497077206502e-03 2.145825125868727062e-02 -5.560232659360112017e-02 -1.336708065635225373e-03 3.975647296655238777e-02 2.289823722926441658e-04 8.554317499589155285e-04 5.444405801685175093e-03 2.865189639679275452e-04 -1.770307430995874017e-04 5.076401362807615898e-03
-2.658481606919134779e-02 -3.509955801448345902e-02 3.386413637680636690e-02 -8.453730230326542139e-02 -9.908389082536762232e-03 2.441218760441759075e-02 -5.843943893586173166e-02 8.511559443627410987e-03 3.973036597348383187e-02 -1.095604241054414299e-03 8.554317499589155285e-04 5.298789933155873683e-03 2.865189639679275452e-04 -1.770307430995874017e-04 7.400409585721870465e-03
-2.977551640370921723e-02 -3.694252677325988304e-02 3.283239497743642432e-02 -8.951471364289322052e-02 -8.516106497077206502e-03 2.138718918542744860e-02 -5.560232659360112017e-02 -1.336708065635225373e-03 3.992333036595018675e-02 2.422543578744396249e-04 8.554317499589155285e-04 5.013683573848719092e-03 2.865189639679275452e-04 -1.770307430995874017e-04 5.198959113333417696e-03
-1.985365283640699169e-02 -3.599280288800539573e-02 2.942100085917258995e-02 -8.453730230326542139e-02 -1.293571975103203001e-02 2.031091863944861978e-02 -6.235749528569305145e-02 1.664397396525884795e-02 3.992333036595018675e-02 -1.893814237006520053e-05 -1.652363971214642572e-03 5.045660450131148056e-03 2.865189639679275452e-04 -1.770307430995874017e-04 8.982817791751623177e-03
-1.985365283640699169e-02 -3.599280288800539573e-02 2.771678768709410351e-02 -8.453730230326542139e-02 -1.293571975103203001e-02 1.944096112088720615e-02 -6.154452407218703736e-02 1.664397396525884795e-02 3.999924652706590006e-02 -1.893814237006520053e-05 8.554317499589155285e-04 5.382417753132570648e-03 2.865189639679275452e-04 -1.770307430995874017e-04 8.982817791751623177e-03
-1.985365283640699169e-02 -3.632439928113218724e-02 3.213667782470884526e-02 -8.623376887042806527e-02 -1.293571975103203001e-02 2.031091863944861978e-02 -6.154452407218703736e-02 1.420053339821631191e-02 3.999940770201796530e-02 -1.033500392950398479e-03 8.554317499589155285e-04 1.115040900733926636e-02 2.865189639679275452e-04 -1.770307430995874017e-04 5.160735312158258939e-03
-2.977551640370921723e-02 -3.509955801448345902e-02 3.247186714826307691e-02 -8.951471364289322052e-02 -8.516106497077206502e-03 2.151314902110943589e-02 -5.560232659360112017e-02 -1.336708065635225373e-03 3.986521696006213589e-02 -1.095604241054414299e-03 8.554317499589155285e-04 5.358855635730866429e-03 2.865189639679275452e-04 -1.770307430995874017e-04 1.046396867389400021e-02
-2.658481606919134779e-02 -3.875961503863472463e-02 3.757874869313358734e-02 -8.951471364289322052e-02 -9.908389082536762232e-03 2.186162630575161359e-02 -5.560232659360112017e-02 -9.983185534651292312e-03 3.999867847161821949e-02 7.446268654342446357e-04 8.554317499589155285e-04 9.047652891465673627e-03 1.497452704125159031e-04 -1.770307430995874017e-04 1.085130888037202923e-02
-2.919236370086870230e-02 -3.761253187630633071e-02 3.438163529527631102e-02 -8.951471364289322052e-02 -9.908389082536762232e-03 2.186162630575161359e-02 -5.452405479507153180e-02 -9.983185534651292312e-03 3.999160574505751520e-02 7.446268654342446357e-04 8.554317499589155285e-04 5.444405801685175093e-03 -9.665802217347029511e-04 -1.770307430995874017e-04 1.085130888037202923e-02
-1.985365283640699169e-02 -3.599280288800539573e-02 3.305653043865021401e-02 -8.453730230326542139e-02 -9.908389082536762232e-03 2.018186138788257214e-02 -6.055421740027864402e-02 1.138185661892321919e-02 3.895442541983199641e-02 3.014330042521707036e-04 8.554317499589155285e-04 6.733538522712995134e-03 1.497452704125159031e-04 -1.770307430995874017e-04 7.365196029004515005e-03
-2.644410616979967280e-02 -3.509955801448345902e-02 3.357324156967060602e-02 -8.623376887042806527e-02 -9.908389082536762232e-03 2.186162630575161359e-02 -5.843943893586173166e-02 8.511559443627410987e-03 3.992333036595018675e-02 -1.893814237006520053e-05 8.554317499589155285e-04 5.298789933155873683e-03 1.497452704125159031e-04 -1.770307430995874017e-04 9.058063487240711198e-03
-2.919236370086870230e-02 -4.272486789308868604e-02 3.122414677398072103e-02 -8.951471364289322052e-02 -8.516106497077206502e-03 2.241232833370731398e-02 -5.560232659360112017e-02 -9.614983775353743573e-03 3.983975045869690007e-02 1.748187373703987465e-03 8.554317499589155285e-04 5.255075193106071609e-03 2.865189639679275452e-04 -1.770307430995874017e-04 6.466603817497726218e-03
-2.919236370086870230e-02 -3.875961503863472463e-02 3.438163529527631102e-02 -8.951471364289322052e-02 -9.908389082536762232e-03 2.186162630575161359e-02 -5.452405479507153180e-02 -9.983185534651292312e-03 3.999160574505751520e-02 7.446268654342446357e-04 8.554317499589155285e-04 5.444405801685175093e-03 -9.665802217347029511e-04 -1.770307430995874017e-04 1.232292940409327429e-02
-2.977551640370921723e-02 -3.761253187630633071e-02 3.456793352481919712e-02 -9.102225993745463595e-02 -8.516106497077206502e-03 2.063594744517577295e-02 -5.560232659360112017e-02 -1.336708065635225373e-03 3.975647296655238777e-02 2.422543578744396249e-04 8.554317499589155285e-04 5.444405801685175093e-03 2.865189639679275452e-04 -1.770307430995874017e-04 1.085130888037202923e-02
-1.985365283640699169e-02 -3.632439928113218724e-02 3.651592749513303537e-02 -8.453730230326542139e-02 -9.908389082536762232e-03 2.271476342255573239e-02 -5.843943893586173166e-02 8.511559443627410987e-03 3.999924652706590006e-02 2.527892842999889412e-04 8.554317499589155285e-04 5.469196906300386254e-03 5.782184748193365444e-04 -1.770307430995874017e-04 5.160735312158258939e-03
-1.985365283640699169e-02 -3.509955801448345902e-02 3.424215884970882584e-02 -8.623376887042806527e-02 -9.908389082536762232e-03 2.031091863944861978e-02 -5.800218148241841065e-02 8.511559443627410987e-03 3.999924652706590006e-02 -1.893814237006520053e-05 8.554317499589155285e-04 6.870257734823123630e-03 -4.034407748461959673e-05 -1.770307430995874017e-04 9.058063487240711198e-03
-1.985365283640699169e-02 -3.599280288800539573e-02 2.942100085917258995e-02 -8.453730230326542139e-02 -1.293571975103203001e-02 2.031091863944861978e-02 -6.055421740027864402e-02 1.664397396525884795e-02 3.992333036595018675e-02 -1.095604241054414299e-03 -1.652363971214642572e-03 5.045660450131148056e-03 2.865189639679275452e-04 -1.770307430995874017e-04 8.982817791751623177e-03
-2.919236370086870230e-02 -4.272486789308868604e-02 3.305653043865021401e-02 -8.951471364289322052e-02 -9.908389082536762232e-03 2.337064492608802516e-02 -5.560232659360112017e-02 -9.983185534651292312e-03 3.895442541983199641e-02 7.446268654342446357e-04 8.554317499589155285e-04 9.047652891465673627e-03 1.497452704125159031e-04 -1.770307430995874017e-04 1.085130888037202923e-02
-1.985365283640699169e-02 -3.632439928113218724e-02 3.427807247727045203e-02 -8.453730230326542139e-02 -9.908389082536762232e-03 2.178909961076883756e-02 -5.843943893586173166e-02 1.206814810946827202e-02 3.999924652706590006e-02 2.527892842999889412e-04 8.554317499589155285e-04 5.324068141044602590e-03 1.497452704125159031e-04 -1.770307430995874017e-04 5.251662039330385126e-03
-2.977551640370921723e-02 -3.761253187630633071e-02 3.247186714826307691e-02 -8.951471364289322052e-02 -8.516106497077206502e-03 2.167090198143406532e-02 -5.560232659360112017e-02 -1.336708065635225373e-03 3.975647296655238777e-02 2.289823722926441658e-04 8.554317499589155285e-04 5.444405801685175093e-03 2.865189639679275452e-04 -1.770307430995874017e-04 6.409946366391895689e-03
-2.644410616979967280e-02 -3.632439928113218724e-02 3.757874869313358734e-02 -8.951471364289322052e-02 -9.908389082536762232e-03 2.151314902110943589e-02 -5.843943893586173166e-02 5.289692941456924924e-03 3.999962332219204192e-02 2.422543578744396249e-04 8.554317499589155285e-04 1.038839928062703852e-02 2.865189639679275452e-04 -1.770307430995874017e-04 1.085130888037202923e-02
-2.351803782196699652e-02 -3.761253187630633071e-02 3.122414677398072103e-02 -8.951471364289322052e-02 -8.516106497077206502e-03 1.921482535145290979e-02 -5.843943893586173166e-02 5.289692941456924924e-03 3.992333036595018675e-02 2.422543578744396249e-04 8.554317499589155285e-04 5.255075193106071609e-03 -4.034407748461959673e-05 -1.770307430995874017e-04 5.156165526395938004e-03
-1.985365283640699169e-02 -3.599280288800539573e-02 3.028915549561375653e-02 -8.453730230326542139e-02 -1.293571975103203001e-02 2.031091863944861978e-02 -6.154452407218703736e-02 1.412874404246188681e-02 3.992333036595018675e-02 -1.095604241054414299e-03 8.554317499589155285e-04 5.382417753132570648e-03 2.865189639679275452e-04 -1.770307430995874017e-04 8.982817791751623177e-03
-2.977551640370921723e-02 -3.828071391808162555e-02 3.219409790965482854e-02 -8.951471364289322052e-02 -8.516106497077206502e-03 2.167090198143406532e-02 -5.560232659360112017e-02 -1.336708065635225373e-03 3.975647296655238777e-02 2.422543578744396249e-04 8.554317499589155285e-04 5.013683573848719092e-03 2.865189639679275452e-04 -1.770307430995874017e-04 6.409946366391895689e-03
-2.644410616979967280e-02 -3.632439928113218724e-02 3.757874869313358734e-02 -8.951471364289322052e-02 -9.908389082536762232e-03 2.138718918542744860e-02 -5.800218148241841065e-02 9.685229342390362650e-04 3.999160574505751520e-02 2.422543578744396249e-04 8.554317499589155285e-04 8.014865868374285163e-03 1.497452704125159031e-04 -1.770307430995874017e-04 9.847473146153645426e-03
-1.985365283640699169e-02 -3.599280288800539573e-02 3.428328907650089741e-02 -8.453730230326542139e-02 -1.293571975103203001e-02 2.186162630575161359e-02 -6.055421740027864402e-02 1.047676745232155662e-02 3.999924652706590006e-02 -1.095604241054414299e-03 -1.652363971214642572e-03 5.045660450131148056e-03 2.865189639679275452e-04 -1.770307430995874017e-04 8.982817791751623177e-03
-2.658481606919134779e-02 -3.875961503863472463e-02 3.757874869313358734e-02 -8.951471364289322052e-02 -9.908389082536762232e-03 2.241232833370731398e-02 -5.800218148241841065e-02 -3.191048543262128140e-03 3.999867847161821949e-02 -1.893814237006520053e-05 8.554317499589155285e-04 5.027886097176498259e-03 1.497452704125159031e-04 -1.770307430995874017e-04 5.255454489964618038e-03
-2.658481606919134779e-02 -3.509955801448345902e-02 2.942100085917258995e-02 -8.453730230326542139e-02 -9.908389082536762232e-03 2.178909961076883756e-02 -6.055421740027864402e-02 1.138185661892321919e-02 3.983975045869690007e-02 7.446268654342446357e-04 8.554317499589155285e-04 5.444405801685175093e-03 1.497452704125159031e-04 -1.770307430995874017e-04 7.365196029004515005e-03
-2.658481606919134779e-02 -3.632439928113218724e-02 3.757874869313358734e-02 -8.951471364289322052e-02 -9.908389082536762232e-03 2.128817207096281652e-02 -5.800218148241841065e-02 9.685229342390362650e-04 3.992333036595018675e-02 -1.033500392950398479e-03 8.554317499589155285e-04 5.444405801685175093e-03 2.865189639679275452e-04 -1.770307430995874017e-04 6.471278721998787592e-03
-2.977551640370921723e-02 -3.694252677325988304e-02 3.247186714826307691e-02 -8.951471364289322052e-02 -8.516106497077206502e-03 2.138718918542744860e-02 -5.560232659360112017e-02 -1.336708065635225373e-03 3.992333036595018675e-02 2.422543578744396249e-04 8.554317499589155285e-04 5.013683573848719092e-03 2.865189639679275452e-04 -1.770307430995874017e-04 6.409946366391895689e-03
-2.977551640370921723e-02 -3.694252677325988304e-02 3.283239497743642432e-02 -8.951471364289322052e-02 -8.516106497077206502e-03 2.138718918542744860e-02 -5.452405479507153180e-02 -1.336708065635225373e-03 3.999160574505751520e-02 2.422543578744396249e-04 8.554317499589155285e-04 5.444405801685175093e-03 2.865189639679275452e-04 -1.770307430995874017e-04 5.076401362807615898e-03
-2.658481606919134779e-02 -3.509955801448345902e-02 2.942100085917258995e-02 -8.453730230326542139e-02 -9.908389082536762232e-03 2.178909961076883756e-02 -5.843943893586173166e-02 1.206814810946827202e-02 3.983975045869690007e-02 7.446268654342446357e-04 8.554317499589155285e-04 5.444405801685175093e-03 1.497452704125159031e-04 -1.770307430995874017e-04 7.365196029004515005e-03
-2.919236370086870230e-02 -3.875961503863472463e-02 3.438163529527631102e-02 -8.951471364289322052e-02 -9.908389082536762232e-03 2.186162630575161359e-02 -5.452405479507153180e-02 -9.983185534651292312e-03 3.999160574505751520e-02 7.446268654342446357e-04 8.554317499589155285e-04 5.444405801685175093e-03 -9.665802217347029511e-04 -1.770307430995874017e-04 1.085130888037202923e-02
-2.658481606919134779e-02 -3.761253187630633071e-02 3.428328907650089741e-02 -8.951471364289322052e-02 -9.908389082536762232e-03 2.101419276398073729e-02 -5.843943893586173166e-02 5.289692941456924924e-03 3.999867847161821949e-02 -1.893814237006520053e-05 -6.118502192976242680e-04 6.662002469150499900e-03 2.865189639679275452e-04 -1.770307430995874017e-04 1.085130888037202923e-02
-2.658481606919134779e-02 -3.509955801448345902e-02 2.999679821529377052e-02 -8.453730230326542139e-02 -9.908389082536762232e-03 2.151314902110943589e-02 -5.843943893586173166e-02 1.069406475676099727e-02 3.986521696006213589e-02 -1.095604241054414299e-03 8.554317499589155285e-04 5.358855635730866429e-03 1.497452704125159031e-04 2.043057590469294152e-03 1.014004637749847497e-02
-1.985365283640699169e-02 -3.632439928113218724e-02 3.427807247727045203e-02 -8.453730230326542139e-02 -9.908389082536762232e-03 2.178909961076883756e-02 -5.843943893586173166e-02 1.206814810946827202e-02 3.999924652706590006e-02 2.527892842999889412e-04 8.554317499589155285e-04 5.324068141044602590e-03 1.497452704125159031e-04 -7.899717375874490063e-03 6.805376815451958696e-03
