2.231505422831625007e-01
9.112013872048526641e-01
2.810462915245393600e-01
5.681115555395588324e-01
5.488640517129276253e-01
9.611530252213168479e-01
7.854625705809887837e-01
6.744248236738263902e-01
3.906403801723230540e-01
2.923873261970035276e-01
9.454177800088280348e-01
8.079992681843963798e-01
8.282101322747625893e-01
2.719254233572405144e-01
8.412761663877089680e-01
9.229444745119477211e-01
2.265374758059328641e-01
4.170307836252776790e-01
6.331252317196387480e-01
3.704069974195485782e-01
6.958108097816800841e-01
2.566321254462179402e-01
6.634015712886057736e-01
2.631845789787021217e-01
4.782677278748537208e-01
6.003827834063564239e-01
7.682777412972103814e-01
2.314730246634413846e-01
5.096474012487766103e-01
6.225089236832640482e-01
4.931095380015685370e-01
8.114856600581299428e-01
5.897633061966003343e-01
8.757363840051800574e-01
5.000243035987905760e-01
3.345409652819924529e-01
7.592008859077430394e-01
5.961231862056347586e-01
8.565730835216696093e-01
4.477960464692175013e-01
3.596572941269909340e-01
9.820097297013821169e-01
4.043255494473901868e-01
2.391095062183594688e-01
4.253520345051014506e-01
3.045208427996045630e-01
5.233897317827652662e-01
3.281042712263794736e-01
6.554585223185852572e-01
4.688951698018472558e-01
7.543965295849891506e-01
4.397084945925729960e-01
7.041806635535747816e-01
2.237599307963253903e-01
2.246768387855489213e-01
2.489720183211578119e-01
6.629619026889747024e-01
8.689814686199799354e-01
8.631068931334801020e-01
3.103421223435092191e-01
4.324405047107982569e-01
9.335018377472722451e-01
8.904519733883849986e-01
7.432328681780050461e-01
4.005196273628140458e-01
3.811010228110121578e-01
2.359394499671201850e-01
9.756407148828064591e-01
3.414987808458103680e-01
7.167280912638952506e-01
5.388765539457740505e-01
4.674051459391755370e-01
2.423871066442405964e-01
7.287916866304150476e-01
6.095868098237048338e-01
3.132194282495964766e-01
7.342444742546132552e-01
3.223060411362202449e-01
6.127821823615370311e-01
6.999237728926391844e-01
7.223944841962516294e-01
3.552793729161785596e-01
8.904138203517547590e-01
5.363107183773950792e-01
3.777824551477090842e-01
3.525669557951545130e-01
