2.456525614249623235e+00
2.396841565381569339e+00
2.711333511779958072e-01
2.650325844678045328e-01
2.057499988511847899e+00
2.682098769651304337e-01
2.933170099917070117e-01
2.785390869140382253e-01
2.325571498526548986e+00
2.770259422159770946e-01
3.488426138779473273e+00
4.327149789550131409e+00
2.753971913711161790e-01
2.936548931518856986e-01
1.715617512375520404e+00
1.689129517423113125e+00
2.460809931731395561e-01
2.320599184970523865e+00
2.482204533870405183e-01
2.604846134704307814e-01
2.706977894384657302e-01
2.527979127656558855e-01
2.780649860284690189e-01
2.121531287648436681e+00
1.980721802653711450e+00
2.493253283077079718e+00
2.750879649575659336e-01
2.993120850013189393e+00
2.815933829067934768e-01
2.659536755601481506e-01
2.052632053199915596e+00
2.857902978890962120e-01
2.377264890781698892e+00
2.434467721269802265e+00
2.230650640846693733e+00
2.537538456318031987e-01
2.840352506371699448e-01
1.147966152624127600e+00
2.500706724087947141e-01
2.606438849539053360e-01
2.930656793343288102e-01
2.838897633127570042e-01
2.955838381488760658e-01
2.980658614427567077e-01
2.519884699932604555e+00
2.573135093960084996e-01
3.179489175103787368e-01
2.664514575186644141e+00
2.786735150380416637e-01
3.009046423450932317e-01
2.714210848138335130e+00
2.907294185121717112e-01
3.026748683235768733e-01
2.457354772000415188e+00
2.758132314132571983e-01
2.636695745402630187e-01
2.577860900056435645e-01
2.597003076744789918e-01
2.093695453162446984e+00
2.437394148671139793e-01
2.168494686384022430e+00
2.422076378006237096e-01
2.367785669119417680e+00
2.526643847831285816e-01
2.482117471645935158e-01
2.596702252414976320e-01
2.606777526083266516e-01
2.745637884770421033e-01
3.054142095157076353e-01
2.683857980572034729e-01
2.934647922017810107e-01
2.773719173544034744e-01
2.719803431722360165e-01
2.874948640841078484e-01
2.542409064569722821e-01
3.108792242418644824e-01
2.683365641504369958e-01
2.786553803327279644e-01
1.613172152485919275e+00
2.878176046693329826e-01
2.612390409355564436e-01
2.478020273474138835e-01
1.944111283705362458e+00
2.932453704125848604e-01
1.528722399384281783e+00
2.744589470823796673e-01
2.700286175797856347e-01
2.702704816590749126e-01
2.403414897659865712e+00
2.471504825808368278e-01
2.621257877820185600e-01
2.691113332289112314e-01
2.438783810698221255e-01
3.049409962690866838e+00
1.245387708224333867e+00
2.783484263050506335e-01
2.576743690302049083e-01
2.533774563852567496e+00
3.325254334612621765e-01
2.071445385678455153e+00
2.592185316329017386e+00
2.798571950151657717e+00
2.698480989197518110e-01
2.724971322704389243e-01
2.654787321164218672e-01
2.834555747889887511e-01
2.711670782696741777e-01
2.742493819565382740e+00
2.488866784206958949e-01
1.798810759364480871e+00
1.909347752135141185e+00
5.082446843877712617e+00
2.821030966267991658e-01
2.777549992977008109e-01
0.000000000000000000e+00
0.000000000000000000e+00
0.000000000000000000e+00
0.000000000000000000e+00
0.000000000000000000e+00
0.000000000000000000e+00
0.000000000000000000e+00
0.000000000000000000e+00
0.000000000000000000e+00
0.000000000000000000e+00
0.000000000000000000e+00
0.000000000000000000e+00
0.000000000000000000e+00
0.000000000000000000e+00
0.000000000000000000e+00
0.000000000000000000e+00
0.000000000000000000e+00
0.000000000000000000e+00
0.000000000000000000e+00
0.000000000000000000e+00
0.000000000000000000e+00
0.000000000000000000e+00
0.000000000000000000e+00
0.000000000000000000e+00
0.000000000000000000e+00
0.000000000000000000e+00
0.000000000000000000e+00
0.000000000000000000e+00
0.000000000000000000e+00
0.000000000000000000e+00
0.000000000000000000e+00
0.000000000000000000e+00
0.000000000000000000e+00
0.000000000000000000e+00
0.000000000000000000e+00
0.000000000000000000e+00
0.000000000000000000e+00
0.000000000000000000e+00
0.000000000000000000e+00
0.000000000000000000e+00
0.000000000000000000e+00
0.000000000000000000e+00
0.000000000000000000e+00
0.000000000000000000e+00
0.000000000000000000e+00
0.000000000000000000e+00
0.000000000000000000e+00
0.000000000000000000e+00
0.000000000000000000e+00
0.000000000000000000e+00
0.000000000000000000e+00
0.000000000000000000e+00
0.000000000000000000e+00
0.000000000000000000e+00
0.000000000000000000e+00
0.000000000000000000e+00
0.000000000000000000e+00
0.000000000000000000e+00
0.000000000000000000e+00
0.000000000000000000e+00
0.000000000000000000e+00
0.000000000000000000e+00
0.000000000000000000e+00
0.000000000000000000e+00
0.000000000000000000e+00
0.000000000000000000e+00
0.000000000000000000e+00
0.000000000000000000e+00
0.000000000000000000e+00
0.000000000000000000e+00
0.000000000000000000e+00
0.000000000000000000e+00
0.000000000000000000e+00
0.000000000000000000e+00
0.000000000000000000e+00
0.000000000000000000e+00
0.000000000000000000e+00
0.000000000000000000e+00
0.000000000000000000e+00
0.000000000000000000e+00
0.000000000000000000e+00
0.000000000000000000e+00
0.000000000000000000e+00
0.000000000000000000e+00
0.000000000000000000e+00
0.000000000000000000e+00
0.000000000000000000e+00
0.000000000000000000e+00
0.000000000000000000e+00
0.000000000000000000e+00
0.000000000000000000e+00
0.000000000000000000e+00
0.000000000000000000e+00
0.000000000000000000e+00
0.000000000000000000e+00
0.000000000000000000e+00
0.000000000000000000e+00
0.000000000000000000e+00
0.000000000000000000e+00
0.000000000000000000e+00
0.000000000000000000e+00
0.000000000000000000e+00
0.000000000000000000e+00
0.000000000000000000e+00
0.000000000000000000e+00
0.000000000000000000e+00
0.000000000000000000e+00
0.000000000000000000e+00
0.000000000000000000e+00
0.000000000000000000e+00
0.000000000000000000e+00
0.000000000000000000e+00
0.000000000000000000e+00
0.000000000000000000e+00
0.000000000000000000e+00
0.000000000000000000e+00
0.000000000000000000e+00
0.000000000000000000e+00
0.000000000000000000e+00
0.000000000000000000e+00
0.000000000000000000e+00
0.000000000000000000e+00
0.000000000000000000e+00
0.000000000000000000e+00
0.000000000000000000e+00
0.000000000000000000e+00
0.000000000000000000e+00
0.000000000000000000e+00
0.000000000000000000e+00
0.000000000000000000e+00
0.000000000000000000e+00
0.000000000000000000e+00
0.000000000000000000e+00
0.000000000000000000e+00
0.000000000000000000e+00
0.000000000000000000e+00
0.000000000000000000e+00
0.000000000000000000e+00
0.000000000000000000e+00
0.000000000000000000e+00
0.000000000000000000e+00
0.000000000000000000e+00
0.000000000000000000e+00
0.000000000000000000e+00
0.000000000000000000e+00
0.000000000000000000e+00
0.000000000000000000e+00
0.000000000000000000e+00
0.000000000000000000e+00
0.000000000000000000e+00
0.000000000000000000e+00
0.000000000000000000e+00
0.000000000000000000e+00
0.000000000000000000e+00
0.000000000000000000e+00
0.000000000000000000e+00
0.000000000000000000e+00
0.000000000000000000e+00
0.000000000000000000e+00
0.000000000000000000e+00
0.000000000000000000e+00
0.000000000000000000e+00
0.000000000000000000e+00
0.000000000000000000e+00
0.000000000000000000e+00
0.000000000000000000e+00
0.000000000000000000e+00
0.000000000000000000e+00
0.000000000000000000e+00
0.000000000000000000e+00
0.000000000000000000e+00
0.000000000000000000e+00
0.000000000000000000e+00
0.000000000000000000e+00
0.000000000000000000e+00
0.000000000000000000e+00
0.000000000000000000e+00
0.000000000000000000e+00
0.000000000000000000e+00
0.000000000000000000e+00
0.000000000000000000e+00
0.000000000000000000e+00
0.000000000000000000e+00
0.000000000000000000e+00
0.000000000000000000e+00
0.000000000000000000e+00
