1.846933563516661991e-01
1.233154678909316737e-01
2.753989637628664333e-01
2.842931539640685679e-01
1.476520706110960590e-01
2.732145581638192877e-01
3.011489906198591138e-01
3.212311667154386097e-01
1.782922266356345431e-01
2.890048096716841264e-01
1.716352916245761362e-01
3.653483326033614698e-01
2.919409938050632758e-01
3.045228243535769153e-01
1.854382966121887744e-01
2.368553465250861079e-01
2.567590955186654367e-01
1.937495426777216256e-01
2.777979793045700641e-01
2.625396506944034369e-01
2.753288633341619551e-01
2.603213345559640124e-01
3.009675772662472326e-01
1.597921422863428642e-01
1.297306581654040503e-01
1.604816495469652826e-01
2.894042005972042864e-01
2.335417186444745941e-01
2.839044661625209631e-01
2.665109578749995656e-01
8.056145711350540251e-02
2.925239372261198012e-01
1.990567743993678085e-01
3.476227061658919704e-01
1.800105906598523098e-01
2.657287813421989608e-01
2.860489398614294299e-01
2.538728199395781093e-01
2.915937566043802498e-01
2.805809054986838635e-01
2.936681137828625610e-01
2.849927588168967296e-01
3.110492462828042814e-01
3.005583942268776343e-01
3.218914714018833445e-01
2.722668703663394529e-01
3.331680933978691805e-01
1.413280423361998051e-01
3.090216207885561062e-01
3.017801300178123425e-01
1.317326441308917517e-01
3.068289874141194029e-01
3.027696504375313458e-01
1.781128148810851575e-01
2.798611231998481275e-01
2.676106827444728054e-01
2.757496358449783580e-01
2.637414685533054359e-01
1.439864526297202074e-01
2.770669430734664096e-01
1.354419453019195529e-01
2.462774325834505007e-01
1.414430573267322910e-01
2.602766467006085715e-01
2.802733238013597750e-01
2.838727187172983002e-01
2.740514934505833278e-01
2.781788969666347255e-01
3.084928999820345519e-01
2.738340925526567826e-01
3.015115664259518380e-01
2.810045860965271758e-01
2.793358109728469318e-01
3.030480140175997872e-01
2.887543375743814589e-01
3.231094987137960728e-01
2.696380338255393028e-01
3.042571844995701769e-01
1.782573387815191424e-01
2.879312070082802877e-01
2.614987168251048377e-01
2.662930413330467094e-01
1.252405913435244433e-01
3.310721732024876074e-01
2.629771542469549472e-01
2.912190783231354274e-01
2.972402835485958295e-01
2.711101925024083648e-01
1.545041835901507787e-01
2.481748242402678495e-01
2.688895674300240679e-01
2.707939912161924645e-01
2.746972905113307384e-01
2.783554558526912248e-01
2.175702573095310288e-01
2.899576853863282122e-01
2.924949030749041667e-01
1.824499678636968825e-01
3.390044298193927719e-01
1.267537650549617478e-01
1.334441848063995517e-01
1.770009847149250082e-01
2.755113993594339727e-01
2.832016033492970042e-01
2.667327788831874713e-01
2.858400543781448588e-01
2.857196391285835024e-01
1.229884759311320741e-01
2.586173932300464551e-01
2.143448039912214109e-01
1.174598443520023378e-01
2.914311529118591704e-01
2.942350660611643409e-01
2.779509587031816498e-01
0.000000000000000000e+00
0.000000000000000000e+00
0.000000000000000000e+00
0.000000000000000000e+00
0.000000000000000000e+00
0.000000000000000000e+00
0.000000000000000000e+00
0.000000000000000000e+00
0.000000000000000000e+00
0.000000000000000000e+00
0.000000000000000000e+00
0.000000000000000000e+00
0.000000000000000000e+00
0.000000000000000000e+00
0.000000000000000000e+00
0.000000000000000000e+00
0.000000000000000000e+00
0.000000000000000000e+00
0.000000000000000000e+00
0.000000000000000000e+00
0.000000000000000000e+00
0.000000000000000000e+00
0.000000000000000000e+00
0.000000000000000000e+00
0.000000000000000000e+00
0.000000000000000000e+00
0.000000000000000000e+00
0.000000000000000000e+00
0.000000000000000000e+00
0.000000000000000000e+00
0.000000000000000000e+00
0.000000000000000000e+00
0.000000000000000000e+00
0.000000000000000000e+00
0.000000000000000000e+00
0.000000000000000000e+00
0.000000000000000000e+00
0.000000000000000000e+00
0.000000000000000000e+00
0.000000000000000000e+00
0.000000000000000000e+00
0.000000000000000000e+00
0.000000000000000000e+00
0.000000000000000000e+00
0.000000000000000000e+00
0.000000000000000000e+00
0.000000000000000000e+00
0.000000000000000000e+00
0.000000000000000000e+00
0.000000000000000000e+00
0.000000000000000000e+00
0.000000000000000000e+00
0.000000000000000000e+00
0.000000000000000000e+00
0.000000000000000000e+00
0.000000000000000000e+00
0.000000000000000000e+00
0.000000000000000000e+00
0.000000000000000000e+00
0.000000000000000000e+00
0.000000000000000000e+00
0.000000000000000000e+00
0.000000000000000000e+00
0.000000000000000000e+00
0.000000000000000000e+00
0.000000000000000000e+00
0.000000000000000000e+00
0.000000000000000000e+00
0.000000000000000000e+00
0.000000000000000000e+00
0.000000000000000000e+00
0.000000000000000000e+00
0.000000000000000000e+00
0.000000000000000000e+00
0.000000000000000000e+00
0.000000000000000000e+00
0.000000000000000000e+00
0.000000000000000000e+00
0.000000000000000000e+00
0.000000000000000000e+00
0.000000000000000000e+00
0.000000000000000000e+00
0.000000000000000000e+00
0.000000000000000000e+00
0.000000000000000000e+00
0.000000000000000000e+00
0.000000000000000000e+00
0.000000000000000000e+00
0.000000000000000000e+00
0.000000000000000000e+00
0.000000000000000000e+00
0.000000000000000000e+00
0.000000000000000000e+00
0.000000000000000000e+00
0.000000000000000000e+00
0.000000000000000000e+00
0.000000000000000000e+00
0.000000000000000000e+00
0.000000000000000000e+00
0.000000000000000000e+00
0.000000000000000000e+00
0.000000000000000000e+00
0.000000000000000000e+00
0.000000000000000000e+00
0.000000000000000000e+00
0.000000000000000000e+00
0.000000000000000000e+00
0.000000000000000000e+00
0.000000000000000000e+00
0.000000000000000000e+00
0.000000000000000000e+00
0.000000000000000000e+00
0.000000000000000000e+00
0.000000000000000000e+00
0.000000000000000000e+00
0.000000000000000000e+00
0.000000000000000000e+00
0.000000000000000000e+00
0.000000000000000000e+00
0.000000000000000000e+00
0.000000000000000000e+00
0.000000000000000000e+00
0.000000000000000000e+00
0.000000000000000000e+00
0.000000000000000000e+00
0.000000000000000000e+00
0.000000000000000000e+00
0.000000000000000000e+00
0.000000000000000000e+00
0.000000000000000000e+00
0.000000000000000000e+00
0.000000000000000000e+00
0.000000000000000000e+00
0.000000000000000000e+00
0.000000000000000000e+00
0.000000000000000000e+00
0.000000000000000000e+00
0.000000000000000000e+00
0.000000000000000000e+00
0.000000000000000000e+00
0.000000000000000000e+00
0.000000000000000000e+00
0.000000000000000000e+00
0.000000000000000000e+00
0.000000000000000000e+00
0.000000000000000000e+00
0.000000000000000000e+00
0.000000000000000000e+00
0.000000000000000000e+00
0.000000000000000000e+00
0.000000000000000000e+00
0.000000000000000000e+00
0.000000000000000000e+00
0.000000000000000000e+00
0.000000000000000000e+00
0.000000000000000000e+00
0.000000000000000000e+00
0.000000000000000000e+00
0.000000000000000000e+00
0.000000000000000000e+00
0.000000000000000000e+00
0.000000000000000000e+00
0.000000000000000000e+00
0.000000000000000000e+00
0.000000000000000000e+00
0.000000000000000000e+00
0.000000000000000000e+00
0.000000000000000000e+00
0.000000000000000000e+00
0.000000000000000000e+00
0.000000000000000000e+00
0.000000000000000000e+00
0.000000000000000000e+00
0.000000000000000000e+00
0.000000000000000000e+00
0.000000000000000000e+00
0.000000000000000000e+00
0.000000000000000000e+00
0.000000000000000000e+00
0.000000000000000000e+00
0.000000000000000000e+00
0.000000000000000000e+00
0.000000000000000000e+00
0.000000000000000000e+00
0.000000000000000000e+00
0.000000000000000000e+00
