1.760967466197272124e-01
5.800425822240840024e-02
1.994000890718729879e+00
1.580049515492497836e+00
1.466616768009706140e-01
3.338165194826137938e+00
1.792790380785339588e+00
3.439049245718749148e+00
1.301593518305645680e-01
1.513726583471167508e+00
1.480376506290572713e-01
2.741681635769794845e-01
1.494577234154474965e+00
1.738230805089340247e+00
1.810157153418532616e-01
2.008177203550235435e-01
1.225499128684642836e+00
1.816324000151751106e-01
2.600830125236653245e+00
1.214814543450513984e+00
1.147846030057533273e+00
1.314681135039228010e+00
6.426914499314822393e+00
1.421384128770469824e-01
1.165412014996590195e-01
1.533006237762212787e-01
1.697073696628559336e+00
9.012921284068581285e-02
1.794295120634822105e+00
1.562148967102225505e+00
7.939407725764428825e-02
2.078668952500622336e+00
1.348236630311948070e-01
3.415957064635940510e-01
1.388944147734630652e-01
1.906356588706344057e+00
1.636523997560286769e+00
2.372275094291666775e-01
1.547041209621152325e+00
1.180166731703125027e+00
1.707396110655088117e+00
1.731078282118277301e+00
2.793564080012123085e+00
5.499073449832025062e+00
1.770143234011967992e-01
1.819790098230514408e+00
1.630559681791961646e+00
1.406968188247130769e-01
1.646572219396132297e+00
1.739926876845939718e+00
1.265990631981144254e-01
3.027669320014189758e+00
2.653833490291799269e+00
8.926610221792678768e-02
1.932547763362997051e+00
1.649030110041804775e+00
4.266304692455124226e+00
1.487512331921948538e+00
1.314239003459962973e-01
1.473528147526850018e+00
8.709514221421781055e-02
1.593742338568874706e+00
1.137007397612528753e-01
2.460073493299233416e+00
2.727174034032304739e+00
8.375136391713493111e+00
1.539600840525780390e+00
6.965044447620629242e+00
5.572732569916765577e+00
1.515347538906981262e+00
1.059673304001038874e+00
2.610978408519723626e+00
1.733796743842284105e+00
2.139727896582889866e+00
2.384642295729106909e+00
1.900521765173439848e+00
1.443679651013029419e+00
1.676037653451528442e+00
1.483530493930595162e-01
1.512188285265824828e+00
1.677677990462425051e+00
1.156232901766345744e+00
1.228066334539274496e-01
1.593063709763844038e+00
2.104714383389016674e-01
2.183426603734489380e+00
1.273107583125699493e+00
1.339044199799017232e+00
1.331322062097524961e-01
1.247875434352438084e+00
1.915906164836284287e+00
1.133661061877617282e+00
1.912447043450738793e+00
2.168056383496793915e-01
2.131580459225376201e-01
1.371117794541143464e+00
3.433064917565216589e+00
1.448172602663148067e-01
2.365830751120576725e+00
1.082257973921967181e-01
1.267653839896095425e-01
1.496062261045134900e-01
1.710652130722393416e+00
1.179037688000061479e+00
1.619525270338938450e+00
1.247128109436007826e+00
1.694132158095865703e+00
6.812337369315427105e-02
1.363469232791308494e+00
1.734001229727243354e-01
1.109770401639782883e-01
2.312434597163491312e-01
1.843823363478212185e+00
1.711270360810464908e+00
0.000000000000000000e+00
0.000000000000000000e+00
0.000000000000000000e+00
0.000000000000000000e+00
0.000000000000000000e+00
0.000000000000000000e+00
0.000000000000000000e+00
0.000000000000000000e+00
0.000000000000000000e+00
0.000000000000000000e+00
0.000000000000000000e+00
0.000000000000000000e+00
0.000000000000000000e+00
0.000000000000000000e+00
0.000000000000000000e+00
0.000000000000000000e+00
0.000000000000000000e+00
0.000000000000000000e+00
0.000000000000000000e+00
0.000000000000000000e+00
0.000000000000000000e+00
0.000000000000000000e+00
0.000000000000000000e+00
0.000000000000000000e+00
0.000000000000000000e+00
0.000000000000000000e+00
0.000000000000000000e+00
0.000000000000000000e+00
0.000000000000000000e+00
0.000000000000000000e+00
0.000000000000000000e+00
0.000000000000000000e+00
0.000000000000000000e+00
0.000000000000000000e+00
0.000000000000000000e+00
0.000000000000000000e+00
0.000000000000000000e+00
0.000000000000000000e+00
0.000000000000000000e+00
0.000000000000000000e+00
0.000000000000000000e+00
0.000000000000000000e+00
0.000000000000000000e+00
0.000000000000000000e+00
0.000000000000000000e+00
0.000000000000000000e+00
0.000000000000000000e+00
0.000000000000000000e+00
0.000000000000000000e+00
0.000000000000000000e+00
0.000000000000000000e+00
0.000000000000000000e+00
0.000000000000000000e+00
0.000000000000000000e+00
0.000000000000000000e+00
0.000000000000000000e+00
0.000000000000000000e+00
0.000000000000000000e+00
0.000000000000000000e+00
0.000000000000000000e+00
0.000000000000000000e+00
0.000000000000000000e+00
0.000000000000000000e+00
0.000000000000000000e+00
0.000000000000000000e+00
0.000000000000000000e+00
0.000000000000000000e+00
0.000000000000000000e+00
0.000000000000000000e+00
0.000000000000000000e+00
0.000000000000000000e+00
0.000000000000000000e+00
0.000000000000000000e+00
0.000000000000000000e+00
0.000000000000000000e+00
0.000000000000000000e+00
0.000000000000000000e+00
0.000000000000000000e+00
0.000000000000000000e+00
0.000000000000000000e+00
0.000000000000000000e+00
0.000000000000000000e+00
0.000000000000000000e+00
0.000000000000000000e+00
0.000000000000000000e+00
0.000000000000000000e+00
0.000000000000000000e+00
0.000000000000000000e+00
0.000000000000000000e+00
0.000000000000000000e+00
0.000000000000000000e+00
0.000000000000000000e+00
0.000000000000000000e+00
0.000000000000000000e+00
0.000000000000000000e+00
0.000000000000000000e+00
0.000000000000000000e+00
0.000000000000000000e+00
0.000000000000000000e+00
0.000000000000000000e+00
0.000000000000000000e+00
0.000000000000000000e+00
0.000000000000000000e+00
0.000000000000000000e+00
0.000000000000000000e+00
0.000000000000000000e+00
0.000000000000000000e+00
0.000000000000000000e+00
0.000000000000000000e+00
0.000000000000000000e+00
0.000000000000000000e+00
0.000000000000000000e+00
0.000000000000000000e+00
0.000000000000000000e+00
0.000000000000000000e+00
0.000000000000000000e+00
0.000000000000000000e+00
0.000000000000000000e+00
0.000000000000000000e+00
0.000000000000000000e+00
0.000000000000000000e+00
0.000000000000000000e+00
0.000000000000000000e+00
0.000000000000000000e+00
0.000000000000000000e+00
0.000000000000000000e+00
0.000000000000000000e+00
0.000000000000000000e+00
0.000000000000000000e+00
0.000000000000000000e+00
0.000000000000000000e+00
0.000000000000000000e+00
0.000000000000000000e+00
0.000000000000000000e+00
0.000000000000000000e+00
0.000000000000000000e+00
0.000000000000000000e+00
0.000000000000000000e+00
0.000000000000000000e+00
0.000000000000000000e+00
0.000000000000000000e+00
0.000000000000000000e+00
0.000000000000000000e+00
0.000000000000000000e+00
0.000000000000000000e+00
0.000000000000000000e+00
0.000000000000000000e+00
0.000000000000000000e+00
0.000000000000000000e+00
0.000000000000000000e+00
0.000000000000000000e+00
0.000000000000000000e+00
0.000000000000000000e+00
0.000000000000000000e+00
0.000000000000000000e+00
0.000000000000000000e+00
0.000000000000000000e+00
0.000000000000000000e+00
0.000000000000000000e+00
0.000000000000000000e+00
0.000000000000000000e+00
0.000000000000000000e+00
0.000000000000000000e+00
0.000000000000000000e+00
0.000000000000000000e+00
0.000000000000000000e+00
0.000000000000000000e+00
0.000000000000000000e+00
0.000000000000000000e+00
0.000000000000000000e+00
0.000000000000000000e+00
0.000000000000000000e+00
0.000000000000000000e+00
0.000000000000000000e+00
0.000000000000000000e+00
0.000000000000000000e+00
0.000000000000000000e+00
0.000000000000000000e+00
0.000000000000000000e+00
0.000000000000000000e+00
0.000000000000000000e+00
0.000000000000000000e+00
0.000000000000000000e+00
0.000000000000000000e+00
0.000000000000000000e+00
0.000000000000000000e+00
