-3.016298104559451618e-02 -3.729228943837723659e-02 3.975405898397538218e-02 -1.469848799936373795e-01 -1.292162123414987776e-02 5.615806108158531706e-03 -5.560002829669148661e-02 -3.663916480138880178e-03 3.994504939114543185e-02 -2.370930301800555726e-04 -1.998883124547816848e-03 7.367136277401984887e-03 2.090219982033758497e-03 -1.120312517619481826e-03 5.192645649704771826e-03
-3.396587846468321348e-02 -3.726986427177966105e-02 3.972814129929581189e-02 -1.208143244025677715e-01 -9.797882180339013633e-03 1.097519858664162962e-02 -5.411780906861507479e-02 -7.397085389132663016e-03 3.987402024259148470e-02 1.118514340838849905e-03 -7.213965474769245970e-04 1.025206266474056049e-02 -3.095493179832047199e-03 6.649428637021869912e-04 6.581819146449060381e-03
-1.920066683902948643e-02 -3.287168049839207795e-02 3.757242795125258217e-02 -1.049458103773243806e-01 -1.816488406024071092e-02 1.022725720100853275e-02 -6.133471849131050257e-02 1.553124103324147846e-02 3.958639977933370302e-02 -1.632766630372763875e-03 5.283312256157301936e-05 2.933823841693957574e-02 -1.397050867423050863e-03 -1.445993703028953864e-03 7.785639229516111426e-03
-2.021005957949128726e-02 -3.114449973754014958e-02 3.824043815379651878e-02 -1.174305136138481670e-01 -1.962638866620517591e-02 7.589983323818839597e-03 -6.148511444884637023e-02 1.574758793931803000e-02 3.980185041649288158e-02 2.042628503106875930e-03 1.024660114230968588e-03 1.151640813709673902e-02 -1.431427114424312997e-03 -1.110384734245677347e-03 1.264077835027896390e-02
-3.362303463695123784e-02 -3.625028440813794772e-02 3.836795351617058175e-02 -1.188643770127328636e-01 -8.966284053286628294e-03 1.081095754698697259e-02 -5.316312547014552525e-02 -9.855406103510979884e-03 3.957220130365428357e-02 -9.196443957423028120e-04 3.446611774637275906e-04 2.176289923914940388e-02 1.317155621631726971e-04 2.892320824059169300e-03 9.978087758111047964e-03
-2.061272488633589250e-02 -3.269852628357788893e-02 3.894066768060388400e-02 -1.111298791004502462e-01 -1.480899978526858604e-02 9.280722826759749133e-03 -6.023561729661455755e-02 1.360849635929213368e-02 3.995935491266756900e-02 1.506449544313781530e-03 -1.000248439017035204e-03 2.010114251850631320e-02 -1.732977765903243083e-03 -1.965157365574849834e-03 1.551269746894460080e-02
-1.937341727967947444e-02 -3.296087135186995948e-02 3.961239866730874304e-02 -9.375163105138778485e-02 -1.336551033409037401e-02 1.587535912327993001e-02 -6.071148775086120802e-02 1.465132599123105533e-02 3.977407540942562436e-02 -9.380850670711282343e-04 -6.646581167244925304e-04 1.076188174449791389e-02 -1.459302981545960174e-03 -7.882404501527418526e-04 1.877967449245254022e-02
-3.268173684048708560e-02 -3.789221377158101534e-02 3.910625034383628795e-02 -1.201306385290109857e-01 -1.062235561884138611e-02 1.076920303053491117e-02 -5.374773873862462997e-02 -9.383009284857078344e-03 3.986329518231477437e-02 -4.179390923613723863e-04 7.645590890773590375e-04 2.791623401871378210e-02 4.990143440652872100e-04 7.993585570643802060e-04 1.256353758670289769e-02
-2.083621371837844974e-02 -3.461548404671271201e-02 3.962306255799570576e-02 -8.887239623236002639e-02 -1.021225910104369902e-02 2.053184342518523178e-02 -5.921418863378587194e-02 1.183791823796188046e-02 3.988093065155805250e-02 -3.461896555186072793e-04 -1.064828591092137344e-03 2.968916926891075614e-02 -1.351330523336002985e-04 -1.330939384934009097e-03 1.950561040712687350e-02
-2.064530287041399861e-02 -3.409894545489516177e-02 3.911273010365034358e-02 -7.318371485251688735e-02 -7.819671686324625864e-03 3.514049086883880985e-02 -6.000165894051250060e-02 1.209296032205234295e-02 3.992574771405900391e-02 -2.924792313995894341e-04 2.146493131454718715e-04 2.129934899505672372e-02 -1.817305549925087851e-03 -2.366687393714883689e-04 1.318128848438009613e-02
