5.786042955266590404e-01
5.345183612689419217e-01
5.197713396657988039e-01
4.987571208941491419e-01
4.984519224512413693e-01
5.360143520537041795e-01
5.178114454571908221e-01
5.050539129992313025e-01
5.041632968577735019e-01
5.146053209870941059e-01
5.370683246599046168e-01
5.231903083622532202e-01
5.240158061409716517e-01
5.245321736333385942e-01
5.238453488694622129e-01
5.299560835920728019e-01
5.585965991722297019e-01
5.010294906750101251e-01
5.012602655908978688e-01
5.063727257326477993e-01
5.109617607101528680e-01
5.298967379974751646e-01
5.050943728675291178e-01
5.259977924506789027e-01
4.979169501985463153e-01
5.014738136609310226e-01
5.114421976473176867e-01
5.501909943804653702e-01
4.991974981916210696e-01
5.017787263949839982e-01
5.014211654938112162e-01
5.187592653829876665e-01
5.082775959377583419e-01
5.254857872374556482e-01
5.001998188675549351e-01
5.111660789170742181e-01
5.123620920352272012e-01
5.072883909931115154e-01
5.292738799413378992e-01
4.994674721527663230e-01
5.097145325900998003e-01
5.423416819334915262e-01
5.031635690313687181e-01
5.434407990335546890e-01
5.020201711153309265e-01
5.176413306872551523e-01
5.029422568034536134e-01
5.142237852579010227e-01
5.120938173594333787e-01
4.982105015842126505e-01
5.157726566105571564e-01
5.012924915435186257e-01
5.080034673081113006e-01
5.707593057853772578e-01
5.651374643508942919e-01
5.328624419181140492e-01
5.144878099980293440e-01
5.266085879832337335e-01
5.279873362765142852e-01
5.158255782755631902e-01
4.997157906837954577e-01
5.340694056123570510e-01
5.290002404502067712e-01
5.122952487371992270e-01
5.013518007864441461e-01
5.073917720646488050e-01
5.479330628004297488e-01
5.394323733334219773e-01
5.092685682485621479e-01
5.096389652641772905e-01
4.976660179298982856e-01
5.027564102392904077e-01
5.380268452378482724e-01
5.104654566720264741e-01
5.004703718086708220e-01
5.114327940669256556e-01
5.106284979168286275e-01
5.149819005537051853e-01
5.009232645720549382e-01
5.084576465828929415e-01
5.119818758380350054e-01
5.084018186689466257e-01
5.289836985965034044e-01
4.996238151385842263e-01
5.059533833237466194e-01
5.135827915407373823e-01
