0.7561766000063185
0.7966349391175427
0.6708992226309645
0.7510117134744076
0.44101738424887477
0.0829721736436574
0.8392301663800743
0.18962728279285418
0.38710529242528546
0.8244515598877153
0.5819733563893081
0.2551571136454558
0.7636001694296263
0.833085551469634
0.894842118436127
0.8198097092207584
0.524997865952732
0.2577345422609725
0.8233619120325844
0.7156559256367778
0.11283402196971695
0.8685741895316608
0.7240820508122935
0.5625140788691856
0.08957982399471905
0.18401954945206314
0.7930888246623922
0.8572144135569012
0.8610275327052084
0.553728318366331
0.8001973649599929
0.22454069816680028
0.7672141886878068
0.0894167227931876
0.9011616609265749
0.7554046452657
0.18628355378038955
0.7758007627871336
0.095924773038282
0.8108474224925103
0.8143674625882285
0.8681601349237861
0.6063582885125142
0.6848995946979164
0.3874313411018986
0.5951676420342485
0.8619675670080198
0.44671852851157773
0.09997433041508358
0.777524318884819
0.24616973200309206
0.8647064515284502
0.7858757625460515
0.1164284821694998
0.8112033856648989
0.6671218112213829
0.8348748684811067
0.0803376055279471
0.873221206935181
0.1309517010822412
0.7430044395941756
0.7458079129363187
0.7044505634715916
0.08143177333258622
0.8082574738157864
0.8182911533124205
0.5930935316617021
0.218247134096454
0.7462816072781128
0.7850371365509864
0.5508601144558767
0.696294368384855
0.8675253140887708
0.8724570700792018
0.11514170564061149
0.2818172018690776
0.761535251031269
