2.203427200869243763e-01
2.463592525740110062e-01
4.679053470987817875e-01
6.455306181859179482e-01
6.092061114503486419e-01
2.392722518645628016e-01
8.037737389830592605e-01
6.301069194705318788e-01
9.916362748723990261e-01
4.229881840259049341e-01
3.795498205502709776e-01
4.120703830395934797e-01
7.729542777293837430e-01
3.046881584757192840e-01
7.640697111252414686e-01
3.904486145567410138e-01
2.970094188228212806e-01
5.710699684931120901e-01
9.478612931311337642e-01
6.785388831459857606e-01
8.630966272333828737e-01
5.519626874546204043e-01
4.814932337756195890e-01
9.001788868003041122e-01
4.320763426026898446e-01
9.186105399861033138e-01
4.426031028192207728e-01
6.970033109353375167e-01
9.591601919060323000e-01
2.250117064476138129e-01
4.002159513249220479e-01
6.325195348407514073e-01
2.545541398190263593e-01
7.410632715668937776e-01
7.518290843850833349e-01
5.377246352964497600e-01
2.280347487051701538e-01
5.563392121037682436e-01
3.414349719401907901e-01
2.220028088672193756e-01
6.858243059659374641e-01
8.142116735731756982e-01
5.023970587563116874e-01
6.615655016081922746e-01
8.235718242342771056e-01
8.378571680588817738e-01
6.623507622119150229e-01
3.688983974608189276e-01
8.919212929733321138e-01
8.506384434313827292e-01
8.794969836687636100e-01
3.633924094641280966e-01
9.368705444404189508e-01
2.650276776039811599e-01
5.217938204360174081e-01
4.908682508191899996e-01
7.859346628894251507e-01
5.340719623756023937e-01
2.863361159839590830e-01
3.568830181414330283e-01
3.250217389944453084e-01
9.741013138616272382e-01
3.189363387671843020e-01
5.987487547465366600e-01
3.343640050170090250e-01
2.704321972733016999e-01
8.705648193439634586e-01
3.491160805139067458e-01
9.283819975342685327e-01
8.438424986843245934e-01
4.555229106270007322e-01
4.517399092950244999e-01
2.571677040642265655e-01
3.102017472673304077e-01
9.792820724107326180e-01
7.319430903521481069e-01
2.754083449887601565e-01
7.147845221140693983e-01
5.791261123622232221e-01
2.310743361578484756e-01
2.203427200979593825e-01
9.313529419504601448e-01
2.307982913143925008e-01
3.285131054363232272e-01
5.176527391661541744e-01
7.857665946232023080e-01
2.814262981827576615e-01
2.205700799128845757e-01
7.218780561506621396e-01
5.129644829397086436e-01
5.933754429379132223e-01
7.293195014525041264e-01
7.056566414483507188e-01
