9.455177580498181911e-01
8.202316036715460168e-01
5.290778947665478738e-01
3.560373607217888758e-01
3.902287928873497957e-01
8.409496156985419857e-01
2.200601362469390421e-01
3.794818477382264632e-01
8.457954202798588506e-02
5.744159830447576054e-01
6.190822145473829918e-01
5.879995352417440868e-01
2.422296842448498355e-01
7.171306991958509292e-01
2.578488122495671275e-01
6.052444548072333230e-01
7.363112130766494845e-01
4.239468425300203513e-01
1.078746885429416602e-01
3.251784833371383354e-01
1.759295662838812058e-01
4.419875947152434592e-01
5.117032771685792181e-01
1.490518513294910030e-01
5.615299040889352167e-01
1.402444458669891425e-01
5.540687612326220535e-01
3.076787421826176483e-01
1.031251541164140556e-01
8.893512264181988591e-01
5.970205069604177517e-01
3.659312524440132552e-01
7.996344194403827155e-01
2.725384509903359675e-01
2.638378099654715703e-01
4.576868883923355669e-01
8.764608265076744287e-01
4.356868088361586788e-01
6.640752343356121079e-01
9.098701961129793681e-01
3.191473400739574529e-01
2.140112707317779195e-01
4.908712448874761325e-01
3.426242983431931899e-01
2.042947292053941821e-01
2.026650531813766476e-01
3.375843760651572323e-01
6.293590673505128352e-01
1.535275514046854084e-01
1.864367549966495230e-01
1.624733605946367399e-01
6.373457425445415714e-01
1.229800042754681938e-01
7.816849666576680677e-01
4.733683685922285278e-01
5.056861296678700768e-01
2.333484627986266158e-01
4.618337392762416060e-01
7.414914556609552010e-01
6.498148398434003825e-01
6.902912456244862938e-01
9.492865203256659057e-02
7.030700208513344096e-01
4.000954225312384760e-01
6.767672655179093333e-01
7.733823212445073425e-01
1.645262031295673388e-01
6.546005154791630920e-01
1.376249621112837218e-01
1.895381686890232065e-01
5.382836963249886253e-01
5.416146360298778051e-01
7.925187057587583794e-01
7.066324120093677719e-01
9.212612778368178823e-02
2.822360833132792068e-01
7.619262806182357517e-01
2.930046548310255572e-01
4.158707024615652115e-01
8.564560890731360843e-01
9.285824804189314330e-01
1.237617742377960656e-01
8.572687346665045505e-01
6.813456378534985536e-01
4.775941615118717842e-01
2.341568586908537586e-01
7.522590171990114483e-01
9.215680935883874270e-01
2.895224201254664176e-01
4.871013704511453213e-01
4.055275180445280236e-01
2.880720348020333055e-01
2.996130506169993324e-01
