5.829302390683712698e-01
5.332954281227785254e-01
4.984916209326648584e-01
5.007839894538533843e-01
4.997174521688492188e-01
5.401109337815523936e-01
5.119169376149991235e-01
5.047943836043791155e-01
5.381079084501924070e-01
4.987020835353312975e-01
4.993160175488269847e-01
5.000349591406687555e-01
5.075919809871167754e-01
5.109094288357851621e-01
5.109592616874043536e-01
4.978465346819871407e-01
5.166603159497353825e-01
4.975084055115662207e-01
5.278679908370377261e-01
5.018586832415620202e-01
5.195130967586319981e-01
4.969751410849319040e-01
4.965982554720994036e-01
5.246153690648975854e-01
4.968031233458125584e-01
5.294274929265462282e-01
4.983359320259214131e-01
5.023410265589776103e-01
5.311426730112231986e-01
5.571814664329063360e-01
4.986182291426698998e-01
4.992253936423823313e-01
5.270942796297045652e-01
5.068008612786149003e-01
5.078334471752774526e-01
4.977057618443926357e-01
5.522477876064222357e-01
4.960130104699634890e-01
5.027551031379013935e-01
5.659365024900994134e-01
5.024858230199474862e-01
5.141114721524767672e-01
4.966341518218939100e-01
5.020948999756926767e-01
5.139332767198356855e-01
5.202611106201292523e-01
4.999675691385361276e-01
4.991287324056659092e-01
5.227244221890087195e-01
5.185375992140160983e-01
5.209851721317001472e-01
5.003690760043348895e-01
5.299252743579435654e-01
5.233563221308246138e-01
4.975810945141229680e-01
4.982771902435300104e-01
5.096415628440258416e-01
4.979528508259219999e-01
5.139137858224571698e-01
5.033489289924166776e-01
5.076564923094657455e-01
5.345149829470968728e-01
5.110031798092593558e-01
4.994220886388875957e-01
5.055656352674591236e-01
5.219072592589044657e-01
5.175455112367653987e-01
5.018582979965349189e-01
5.330034798227760717e-01
5.166903336866739416e-01
4.969033034759946510e-01
4.966772726624511525e-01
5.248432049114925002e-01
5.084170796383491453e-01
5.357041000972071476e-01
5.070895868327136569e-01
5.186673128034979818e-01
5.038945884725474222e-01
4.974984074118942168e-01
5.437652126154922660e-01
5.744626002584454216e-01
5.275573580941280705e-01
5.440335129904485534e-01
5.049293716449109182e-01
4.976234503390130071e-01
5.099617266570279916e-01
5.168426576908845549e-01
5.710690867506360568e-01
5.057002381380643063e-01
5.000329266954269825e-01
4.994514804912206229e-01
5.086957681272686882e-01
5.026348460326750534e-01
