-1.427669365662257057e-02 -3.438971495518139410e-02 3.991321989718715074e-02 -9.589955485097165222e-02 -9.349243438385945737e-03 1.645874884797927928e-02 -6.257193734918430061e-02 1.645547717441298713e-02 3.999063982243832027e-02
-1.985701060307899085e-02 -3.254486360106075005e-02 3.991321989718715074e-02 -9.073878928222513240e-02 -1.114995733634368755e-02 1.895141504122545284e-02 -6.140643546345095349e-02 1.383265612990849935e-02 3.999124313897924748e-02
-2.310639926238276798e-02 -3.761041367330637819e-02 3.628970663129266194e-02 -9.589955485097165222e-02 -1.114995733634368755e-02 1.645874884797927928e-02 -5.915814813764355695e-02 6.918756469972491344e-03 3.986589322737933011e-02
-2.756545154223726327e-02 -3.438971495518139410e-02 3.915011513861004627e-02 -9.589955485097165222e-02 -9.349243438385945737e-03 1.788987134790134478e-02 -5.575824702445831421e-02 6.463960967015491485e-04 3.992942586190813270e-02
-3.015687154595081410e-02 -3.462046796551852823e-02 3.910606731529177316e-02 -9.589955485097165222e-02 -9.349243438385945737e-03 1.895141504122545284e-02 -5.717596479275111748e-02 5.536632096933748887e-03 3.999019243191843237e-02
-1.337365752183749396e-02 -3.466336705747007779e-02 3.991321989718715074e-02 -9.197165707402522872e-02 -1.114995733634368755e-02 1.715141031753096915e-02 -6.140643546345095349e-02 1.383265612990849935e-02 3.999124313897924748e-02
-3.015687154595081410e-02 -3.504910715194203136e-02 3.990178148304270034e-02 -9.602127370352392388e-02 -9.349243438385945737e-03 1.895141504122545284e-02 -5.484000918882667164e-02 -4.156188367292059510e-03 3.926506325037418949e-02
-3.015687154595081410e-02 -3.132394490829192024e-02 3.991321989718715074e-02 -9.589955485097165222e-02 -9.349243438385945737e-03 1.851989756746955096e-02 -5.603585334922783073e-02 6.463960967015491485e-04 3.993486795913708809e-02
-3.085548825755555363e-02 -4.076906148499063326e-02 3.585140307221452993e-02 -9.602127370352392388e-02 -8.664092000460844878e-03 1.991666659214288287e-02 -5.484000918882667164e-02 -9.295573645484039166e-03 3.993969521730719036e-02
-2.310639926238276798e-02 -3.438971495518139410e-02 3.861517109088251354e-02 -9.608388901024556006e-02 -1.114995733634368755e-02 1.645874884797927928e-02 -5.915814813764355695e-02 6.918756469972491344e-03 3.992942586190813270e-02
-2.132716847665239168e-02 -3.438971495518139410e-02 3.991321989718715074e-02 -9.012758566041786934e-02 -9.349243438385945737e-03 1.903951184324132601e-02 -5.932656382697146236e-02 8.911091479615215055e-03 3.988756378356809323e-02
-2.461866850468215351e-02 -3.462046796551852823e-02 3.840012669344480128e-02 -9.073878928222513240e-02 -9.349243438385945737e-03 1.905965793744435199e-02 -5.932656382697146236e-02 8.911091479615215055e-03 3.999575240047694574e-02
-3.015687154595081410e-02 -3.504910715194203136e-02 3.925882907026811974e-02 -9.589955485097165222e-02 -8.633700921786511065e-03 1.895141504122545284e-02 -5.484000918882667164e-02 -2.857032383189777452e-03 3.999019243191843237e-02
-2.132716847665239168e-02 -3.462046796551852823e-02 3.735212960926828640e-02 -9.073878928222513240e-02 -1.247896573251963161e-02 1.827149261671549146e-02 -5.932656382697146236e-02 1.383265612990849935e-02 3.999575240047694574e-02
-3.015687154595081410e-02 -3.504910715194203136e-02 3.910606731529177316e-02 -9.589955485097165222e-02 -9.349243438385945737e-03 1.895141504122545284e-02 -5.652792174966730226e-02 -4.156188367292059510e-03 3.999019243191843237e-02
-2.132716847665239168e-02 -3.504910715194203136e-02 3.996774918145835215e-02 -9.073878928222513240e-02 -1.114995733634368755e-02 1.903951184324132601e-02 -5.932656382697146236e-02 8.911091479615215055e-03 3.992942586190813270e-02
-2.132716847665239168e-02 -3.254486360106075005e-02 3.991321989718715074e-02 -9.073878928222513240e-02 -1.233942719740141122e-02 1.895141504122545284e-02 -6.125020603957551102e-02 1.114244046992371277e-02 3.928482849877473759e-02
-2.841153559367864262e-02 -3.438971495518139410e-02 3.814153105001016897e-02 -9.589955485097165222e-02 -9.225277405822423019e-03 1.784274090780454958e-02 -5.652792174966730226e-02 5.536632096933748887e-03 3.999063982243832027e-02
-3.085548825755555363e-02 -3.995777401290172975e-02 3.585140307221452993e-02 -9.589955485097165222e-02 -8.664092000460844878e-03 1.991666659214288287e-02 -5.484000918882667164e-02 -7.965906014931724288e-03 3.992942586190813270e-02
-3.015687154595081410e-02 -3.462046796551852823e-02 3.910606731529177316e-02 -9.589955485097165222e-02 -8.664092000460844878e-03 1.854178684040971858e-02 -5.603585334922783073e-02 1.903507702476608596e-03 3.999019243191843237e-02
-3.015687154595081410e-02 -3.780169162864421839e-02 3.869304658060092328e-02 -9.789535785349756658e-02 -9.952874058712479766e-03 1.895141504122545284e-02 -5.484000918882667164e-02 -4.156188367292059510e-03 3.940518126188505971e-02
-2.577754093983777861e-02 -3.481355409033991960e-02 3.991321989718715074e-02 -9.789535785349756658e-02 -9.349243438385945737e-03 1.678471938924089649e-02 -5.652792174966730226e-02 5.536632096933748887e-03 3.994688074309001719e-02
-2.310639926238276798e-02 -3.462046796551852823e-02 3.910606731529177316e-02 -9.608388901024556006e-02 -9.349243438385945737e-03 1.645874884797927928e-02 -5.757037820019536567e-02 5.536632096933748887e-03 3.999019243191843237e-02
-3.015687154595081410e-02 -3.600748932161838833e-02 3.996774918145835215e-02 -9.602127370352392388e-02 -8.633700921786511065e-03 1.895141504122545284e-02 -5.484000918882667164e-02 -9.665302587844705820e-03 3.992942586190813270e-02
-2.310639926238276798e-02 -3.462046796551852823e-02 3.973422787026453795e-02 -9.589955485097165222e-02 -1.114995733634368755e-02 1.645874884797927928e-02 -5.932656382697146236e-02 6.918756469972491344e-03 3.986589322737933011e-02
-3.015687154595081410e-02 -4.076906148499063326e-02 3.604389579197517235e-02 -9.589955485097165222e-02 -9.403681097380909432e-03 1.991666659214288287e-02 -5.484000918882667164e-02 -4.849365221849423827e-03 3.994745671965601458e-02
-2.461866850468215351e-02 -3.462046796551852823e-02 3.732055582047499875e-02 -9.073878928222513240e-02 -9.349243438385945737e-03 1.905965793744435199e-02 -5.757037820019536567e-02 8.911091479615215055e-03 3.994552795649448929e-02
-3.015687154595081410e-02 -3.504910715194203136e-02 3.910606731529177316e-02 -9.589955485097165222e-02 -9.349243438385945737e-03 1.895141504122545284e-02 -5.652792174966730226e-02 6.463960967015491485e-04 3.999019243191843237e-02
-3.015687154595081410e-02 -4.076906148499063326e-02 3.604389579197517235e-02 -9.589955485097165222e-02 -8.664092000460844878e-03 1.991666659214288287e-02 -5.537005906791367393e-02 -8.413379673061270256e-03 3.992942586190813270e-02
-2.051529278387632937e-02 -3.132394490829192024e-02 3.666901446875285575e-02 -9.073878928222513240e-02 -1.233942719740141122e-02 1.746441660233499435e-02 -6.125020603957551102e-02 1.616491445573241259e-02 3.995894164332529364e-02
-2.132716847665239168e-02 -3.504910715194203136e-02 3.996774918145835215e-02 -9.073878928222513240e-02 -1.114995733634368755e-02 1.903951184324132601e-02 -5.932656382697146236e-02 8.911091479615215055e-03 3.928482849877473759e-02
-2.756545154223726327e-02 -3.438971495518139410e-02 3.925882907026811974e-02 -9.589955485097165222e-02 -9.349243438385945737e-03 1.788987134790134478e-02 -5.652792174966730226e-02 6.463960967015491485e-04 3.992942586190813270e-02
-2.132716847665239168e-02 -3.254486360106075005e-02 3.910606731529177316e-02 -9.073878928222513240e-02 -1.012376681585240405e-02 1.851989756746955096e-02 -6.125020603957551102e-02 1.383265612990849935e-02 3.999019243191843237e-02
-3.066036044338155131e-02 -3.438971495518139410e-02 3.925882907026811974e-02 -9.589955485097165222e-02 -8.664092000460844878e-03 1.854178684040971858e-02 -5.603585334922783073e-02 -2.271996006386103103e-03 3.997513911848711576e-02
-3.015687154595081410e-02 -3.504910715194203136e-02 3.910606731529177316e-02 -9.589955485097165222e-02 -8.664092000460844878e-03 1.854178684040971858e-02 -5.603585334922783073e-02 -2.271996006386103103e-03 3.926506325037418949e-02
-2.577754093983777861e-02 -3.481355409033991960e-02 3.830140516278137536e-02 -9.696616112750296168e-02 -9.225277405822423019e-03 1.680633630490355884e-02 -5.652792174966730226e-02 5.536632096933748887e-03 3.999063982243832027e-02
-2.051529278387632937e-02 -3.132394490829192024e-02 3.996774918145835215e-02 -9.073878928222513240e-02 -1.233942719740141122e-02 1.903951184324132601e-02 -6.125020603957551102e-02 1.616491445573241259e-02 3.995894164332529364e-02
-2.756545154223726327e-02 -3.438971495518139410e-02 3.962950236937225895e-02 -9.589955485097165222e-02 -9.349243438385945737e-03 1.823910037629072542e-02 -5.717596479275111748e-02 5.536632096933748887e-03 3.999019243191843237e-02
-2.132716847665239168e-02 -3.438971495518139410e-02 3.851139448464935278e-02 -9.073878928222513240e-02 -1.121072083575124466e-02 1.839334857165892539e-02 -5.932656382697146236e-02 1.102465188881370656e-02 3.999063982243832027e-02
-1.427669365662257057e-02 -3.438971495518139410e-02 3.991321989718715074e-02 -9.012758566041786934e-02 -9.349243438385945737e-03 1.788987134790134478e-02 -6.257193734918430061e-02 1.616491445573241259e-02 3.943078173121843805e-02
-3.085548825755555363e-02 -3.462046796551852823e-02 3.910606731529177316e-02 -9.589955485097165222e-02 -9.225277405822423019e-03 1.895141504122545284e-02 -5.652792174966730226e-02 1.903507702476608596e-03 3.992942586190813270e-02
-3.015687154595081410e-02 -3.780169162864421839e-02 3.604389579197517235e-02 -9.589955485097165222e-02 -8.664092000460844878e-03 1.895141504122545284e-02 -5.603585334922783073e-02 -4.849365221849423827e-03 3.992942586190813270e-02
-2.310639926238276798e-02 -3.589578185724281306e-02 3.861517109088251354e-02 -9.608388901024556006e-02 -1.114995733634368755e-02 1.645874884797927928e-02 -5.757037820019536567e-02 5.536632096933748887e-03 3.999019243191843237e-02
-2.756545154223726327e-02 -3.504910715194203136e-02 3.990054141165964852e-02 -9.589955485097165222e-02 -1.121072083575124466e-02 1.839334857165892539e-02 -5.603585334922783073e-02 6.463960967015491485e-04 3.999706473822007419e-02
-3.015687154595081410e-02 -3.780169162864421839e-02 3.604389579197517235e-02 -9.589955485097165222e-02 -8.664092000460844878e-03 1.895141504122545284e-02 -5.537005906791367393e-02 -4.849365221849423827e-03 3.992942586190813270e-02
-3.015687154595081410e-02 -3.634210404471474587e-02 3.986645391845985986e-02 -9.602127370352392388e-02 -8.664092000460844878e-03 1.895141504122545284e-02 -5.484000918882667164e-02 -4.156188367292059510e-03 3.926506325037418949e-02
-2.756545154223726327e-02 -3.504910715194203136e-02 3.990054141165964852e-02 -9.589955485097165222e-02 -8.664092000460844878e-03 1.841339863015140077e-02 -5.603585334922783073e-02 6.463960967015491485e-04 3.992942586190813270e-02
-2.132716847665239168e-02 -3.462046796551852823e-02 3.996774918145835215e-02 -9.073878928222513240e-02 -1.114995733634368755e-02 1.895141504122545284e-02 -5.932656382697146236e-02 9.860999484360767273e-03 3.999019243191843237e-02
-3.015687154595081410e-02 -3.600748932161838833e-02 3.925882907026811974e-02 -9.602127370352392388e-02 -8.633700921786511065e-03 1.895141504122545284e-02 -5.484000918882667164e-02 -9.665302587844705820e-03 3.992942586190813270e-02
-3.085548825755555363e-02 -3.780169162864421839e-02 3.902943022889111130e-02 -9.789535785349756658e-02 -1.036221741408666248e-02 1.895141504122545284e-02 -5.484000918882667164e-02 -1.785570794167383544e-03 3.996425583963692657e-02
-3.085548825755555363e-02 -3.780169162864421839e-02 3.902943022889111130e-02 -9.589955485097165222e-02 -8.664092000460844878e-03 1.991666659214288287e-02 -5.484000918882667164e-02 -4.156188367292059510e-03 3.999025843058242463e-02
-2.132716847665239168e-02 -3.462046796551852823e-02 3.900681003351131465e-02 -9.073878928222513240e-02 -1.114995733634368755e-02 1.895141504122545284e-02 -5.932656382697146236e-02 9.860999484360767273e-03 3.999019243191843237e-02
-3.085548825755555363e-02 -4.076906148499063326e-02 3.658583720995971927e-02 -1.035435013347568572e-01 -9.403681097380909432e-03 1.645874884797927928e-02 -5.484000918882667164e-02 -4.156188367292059510e-03 3.994745671965601458e-02
-2.132716847665239168e-02 -3.254486360106075005e-02 3.991321989718715074e-02 -9.073878928222513240e-02 -1.233942719740141122e-02 1.895141504122545284e-02 -6.125020603957551102e-02 1.383265612990849935e-02 3.928482849877473759e-02
-2.461866850468215351e-02 -3.462046796551852823e-02 3.763542694089831026e-02 -9.073878928222513240e-02 -9.349243438385945737e-03 1.904321566787372730e-02 -5.757037820019536567e-02 3.301750629389301958e-03 3.999620759199921938e-02
-2.310639926238276798e-02 -3.589578185724281306e-02 3.708231687496017781e-02 -9.608388901024556006e-02 -1.114995733634368755e-02 1.645874884797927928e-02 -5.757037820019536567e-02 5.536632096933748887e-03 3.999019243191843237e-02
-3.015687154595081410e-02 -3.504910715194203136e-02 3.986645391845985986e-02 -9.597125078218121663e-02 -8.664092000460844878e-03 1.895141504122545284e-02 -5.603585334922783073e-02 -4.156188367292059510e-03 3.926506325037418949e-02
-2.756545154223726327e-02 -3.438971495518139410e-02 3.925882907026811974e-02 -9.589955485097165222e-02 -9.349243438385945737e-03 1.788987134790134478e-02 -5.652792174966730226e-02 8.078782334948249322e-03 3.997513911848711576e-02
-2.132716847665239168e-02 -3.254486360106075005e-02 3.996774918145835215e-02 -8.962563603257873990e-02 -9.225277405822423019e-03 1.895141504122545284e-02 -5.932656382697146236e-02 1.412220126244412635e-02 3.999564056597895711e-02
-2.310639926238276798e-02 -3.504910715194203136e-02 3.775337066193457797e-02 -9.589955485097165222e-02 -9.349243438385945737e-03 1.645874884797927928e-02 -5.932656382697146236e-02 1.178316413502623894e-02 3.999019243191843237e-02
-2.132716847665239168e-02 -3.504910715194203136e-02 3.861517109088251354e-02 -9.073878928222513240e-02 -1.114995733634368755e-02 1.839334857165892539e-02 -5.932656382697146236e-02 1.322918996749716282e-02 3.999575240047694574e-02
-3.085548825755555363e-02 -4.076906148499063326e-02 3.585140307221452993e-02 -9.602127370352392388e-02 -9.403681097380909432e-03 1.991666659214288287e-02 -5.527624310156443316e-02 -8.413379673061270256e-03 3.994745671965601458e-02
-2.132716847665239168e-02 -3.462046796551852823e-02 3.996774918145835215e-02 -9.073878928222513240e-02 -6.785774219303162061e-03 1.979130116706736761e-02 -5.932656382697146236e-02 1.383265612990849935e-02 3.999575240047694574e-02
-2.911926158019070843e-02 -3.462046796551852823e-02 3.799380218620639765e-02 -9.589955485097165222e-02 -8.664092000460844878e-03 1.823910037629072542e-02 -5.603585334922783073e-02 5.536632096933748887e-03 3.999019243191843237e-02
-2.132716847665239168e-02 -3.254486360106075005e-02 3.900681003351131465e-02 -8.962563603257873990e-02 -9.225277405822423019e-03 1.895141504122545284e-02 -5.932656382697146236e-02 9.860999484360767273e-03 3.999564056597895711e-02
-2.051529278387632937e-02 -3.254486360106075005e-02 3.666901446875285575e-02 -8.962563603257873990e-02 -9.225277405822423019e-03 1.746441660233499435e-02 -5.932656382697146236e-02 1.412220126244412635e-02 3.999564056597895711e-02
-3.085548825755555363e-02 -3.780169162864421839e-02 3.840717439085737650e-02 -9.589955485097165222e-02 -8.664092000460844878e-03 1.991666659214288287e-02 -5.484000918882667164e-02 -4.156188367292059510e-03 3.999025843058242463e-02
-2.132716847665239168e-02 -3.438971495518139410e-02 3.991321989718715074e-02 -9.073878928222513240e-02 -1.121072083575124466e-02 1.839334857165892539e-02 -5.932656382697146236e-02 1.102465188881370656e-02 3.999063982243832027e-02
-3.085548825755555363e-02 -3.995777401290172975e-02 3.585140307221452993e-02 -9.589955485097165222e-02 -9.225277405822423019e-03 1.991666659214288287e-02 -5.652792174966730226e-02 -7.965906014931724288e-03 3.992942586190813270e-02
-3.085548825755555363e-02 -3.780169162864421839e-02 3.585140307221452993e-02 -9.602127370352392388e-02 -9.403681097380909432e-03 1.895141504122545284e-02 -5.484000918882667164e-02 -4.849365221849423827e-03 3.994745671965601458e-02
-2.310639926238276798e-02 -3.589578185724281306e-02 3.910606731529177316e-02 -9.608388901024556006e-02 -9.349243438385945737e-03 1.696059888504203653e-02 -5.915814813764355695e-02 6.918756469972491344e-03 3.986589322737933011e-02
-2.310639926238276798e-02 -3.589578185724281306e-02 3.861517109088251354e-02 -9.608388901024556006e-02 -1.114995733634368755e-02 1.645874884797927928e-02 -5.915814813764355695e-02 6.918756469972491344e-03 3.986589322737933011e-02
-2.132716847665239168e-02 -3.254486360106075005e-02 3.991321989718715074e-02 -9.073878928222513240e-02 -1.233942719740141122e-02 1.746441660233499435e-02 -6.125020603957551102e-02 1.383265612990849935e-02 3.999124313897924748e-02
-2.132716847665239168e-02 -3.462046796551852823e-02 3.729228235730944890e-02 -9.073878928222513240e-02 -1.114995733634368755e-02 1.839334857165892539e-02 -6.024305812694361051e-02 1.178316413502623894e-02 3.999575240047694574e-02
-3.085548825755555363e-02 -4.076906148499063326e-02 3.585140307221452993e-02 -9.602127370352392388e-02 -9.403681097380909432e-03 1.991666659214288287e-02 -5.484000918882667164e-02 -8.413379673061270256e-03 3.994745671965601458e-02
-3.015687154595081410e-02 -3.504910715194203136e-02 3.799380218620639765e-02 -9.589955485097165222e-02 -8.664092000460844878e-03 1.891307485186693310e-02 -5.603585334922783073e-02 -2.271996006386103103e-03 3.999616860630270804e-02
-2.132716847665239168e-02 -3.254486360106075005e-02 3.991321989718715074e-02 -9.073878928222513240e-02 -1.114995733634368755e-02 1.922753602939029915e-02 -6.024305812694361051e-02 1.383265612990849935e-02 3.972817928217436262e-02
-3.085548825755555363e-02 -3.462046796551852823e-02 3.910606731529177316e-02 -9.602127370352392388e-02 -9.349243438385945737e-03 1.895141504122545284e-02 -5.603585334922783073e-02 6.463960967015491485e-04 3.959521620541426451e-02
-2.911926158019070843e-02 -3.407324996546681056e-02 3.962950236937225895e-02 -9.589955485097165222e-02 -9.349243438385945737e-03 1.823910037629072542e-02 -5.717596479275111748e-02 5.536632096933748887e-03 3.999019243191843237e-02
-2.132716847665239168e-02 -3.132394490829192024e-02 3.991321989718715074e-02 -9.073878928222513240e-02 -1.233942719740141122e-02 1.746441660233499435e-02 -6.125020603957551102e-02 1.616491445573241259e-02 3.994552795649448929e-02
-1.427669365662257057e-02 -3.438971495518139410e-02 3.991321989718715074e-02 -8.642953454089402632e-02 -1.502910818067358656e-02 1.788987134790134478e-02 -6.257193734918430061e-02 1.645547717441298713e-02 3.999063982243832027e-02
-3.015687154595081410e-02 -3.995777401290172975e-02 3.585140307221452993e-02 -9.589955485097165222e-02 -9.349243438385945737e-03 1.991666659214288287e-02 -5.484000918882667164e-02 -7.965906014931724288e-03 3.992942586190813270e-02
-2.132716847665239168e-02 -3.132394490829192024e-02 3.991321989718715074e-02 -9.073878928222513240e-02 -1.233942719740141122e-02 1.746441660233499435e-02 -6.125020603957551102e-02 1.616491445573241259e-02 3.998750862768717801e-02
-2.132716847665239168e-02 -3.254486360106075005e-02 3.991321989718715074e-02 -9.073878928222513240e-02 -1.114995733634368755e-02 1.799087660858901885e-02 -5.982740596927572929e-02 9.860999484360767273e-03 3.999401842496978776e-02
-2.461866850468215351e-02 -3.438971495518139410e-02 3.763542694089831026e-02 -9.073878928222513240e-02 -9.349243438385945737e-03 1.904321566787372730e-02 -5.757037820019536567e-02 3.301750629389301958e-03 3.999620759199921938e-02
-3.015687154595081410e-02 -3.504910715194203136e-02 3.990178148304270034e-02 -9.602127370352392388e-02 -9.349243438385945737e-03 1.902808532697672014e-02 -5.607629867542623242e-02 -4.156188367292059510e-03 3.926506325037418949e-02
-2.132716847665239168e-02 -3.254486360106075005e-02 3.991321989718715074e-02 -9.073878928222513240e-02 -1.114995733634368755e-02 1.895141504122545284e-02 -6.024305812694361051e-02 1.383265612990849935e-02 3.928482849877473759e-02
-1.427669365662257057e-02 -3.438971495518139410e-02 3.991321989718715074e-02 -9.012758566041786934e-02 -9.349243438385945737e-03 1.788987134790134478e-02 -6.257193734918430061e-02 1.616491445573241259e-02 3.999063982243832027e-02
-3.015687154595081410e-02 -3.462046796551852823e-02 3.799380218620639765e-02 -9.589955485097165222e-02 -8.664092000460844878e-03 1.854178684040971858e-02 -5.603585334922783073e-02 -2.271996006386103103e-03 3.999019243191843237e-02
-2.310639926238276798e-02 -3.589578185724281306e-02 3.910606731529177316e-02 -9.608388901024556006e-02 -9.349243438385945737e-03 1.696059888504203653e-02 -5.652792174966730226e-02 6.918756469972491344e-03 3.986589322737933011e-02
-2.911926158019070843e-02 -3.438971495518139410e-02 3.799380218620639765e-02 -9.589955485097165222e-02 -9.349243438385945737e-03 1.788987134790134478e-02 -5.603585334922783073e-02 5.536632096933748887e-03 3.999019243191843237e-02
-3.015687154595081410e-02 -3.504910715194203136e-02 3.925882907026811974e-02 -9.589955485097165222e-02 -9.349243438385945737e-03 1.851989756746955096e-02 -5.484000918882667164e-02 6.463960967015491485e-04 3.999019243191843237e-02
-3.015687154595081410e-02 -3.504910715194203136e-02 3.910606731529177316e-02 -9.636447638739935317e-02 -8.664092000460844878e-03 1.895141504122545284e-02 -5.603585334922783073e-02 6.463960967015491485e-04 3.999019243191843237e-02
