-0.020168087483283838 -0.03308851132585303 0.039999987660240495 -0.11100955180221633 -0.015836028416858553 0.009757174031912 -0.06034981115017542 0.013262347730388152 0.04 -0.00014834517716830238 -0.00011582444610386344 0.006260831152034919 0.00012058073591021692 -5.4813377303495025e-06 0.012479020473588608 
-0.018823232871458057 -0.03297271020992345 0.039998076118776385 -0.11415691225525966 -0.017299796616012046 0.00878267437796607 -0.06095259414646805 0.014606224712569494 0.039995717919968414 0.00014200005786456842 -0.00010973405385784158 0.0060930250728358 0.0001045624835736585 0.00010066293289229909 0.00655109910391082 
-0.037208130095334614 -0.028734513379508716 0.03598277949714972 -0.12677532218025134 -0.0041169709167772645 0.007885432105600191 -0.05070415116089886 -0.013523665632919592 0.03853946441715116 -0.0015132505966834967 -0.0024197280280095265 0.005113347661194138 -0.002684154568193652 0.007327829141444874 0.006340668131026519 
-0.021749728556855225 -0.033219167029092965 0.04 -0.11899298911819631 -0.015329046209011404 0.00819398338439828 -0.05963368352225124 0.011408458122170078 0.04 -7.116905128927553e-05 0.00027910320469396127 0.005865165416021459 -0.00022444217091940657 -0.00016498521222977773 0.005 
-0.02797812320140917 -0.03525559696822753 0.04 -0.13889450583062324 -0.012878716276565805 0.006098136983261889 -0.05659719000937596 0.0014274646801411641 0.04 -0.0001024591089880341 6.524768315180042e-05 0.005386919892074383 -3.08496421527115e-06 6.029989275764578e-06 0.005942715936978877 
-0.027686389976428555 -0.03498980317361765 0.03999535490160734 -0.1383424815146398 -0.01337587170406812 0.006106889987884422 -0.05677100206079263 0.0026262634298504085 0.039999999998426836 -0.00047638825654554816 -5.5527235775018336e-05 0.005687386003697368 -0.00037612770754553006 4.011501528516451e-05 0.005055157185225074 
-0.021092357377414786 -0.03288682516088304 0.04 -0.09805898426933123 -0.013353954268284278 0.014352866672324813 -0.06003948918865141 0.012739741666811265 0.04 -0.00024698111484343984 0.0003492628747294191 0.005679044630062151 3.2246545482448046e-05 -3.505033720135391e-05 0.005236252174035328 
-0.026771877543732985 -0.03428188717021803 0.04 -0.105855222348297 -0.010370902347702356 0.013211370789634254 -0.05722846445093751 0.004089258174508856 0.039970186377675895 -0.0001317706389333462 -0.00015640937832065588 0.009247228436861 -0.00015237538160921217 0.0005871667795670653 0.005 
-0.03195554013315211 -0.03564475609902335 0.04 -0.13597822718997507 -0.010783391725472755 0.007133909130945965 -0.05496316713246041 -0.004193988042846166 0.04 -8.781840956254786e-05 -0.0007684770311630238 0.005 0.00020058632419887022 -9.291027446540036e-05 0.005275326488727544 
-0.017472608133249225 -0.03341598538249371 0.0399178551303066 -0.10002100283987397 -0.015688263676382996 0.012784498360623169 -0.06126788974455692 0.015368645365582101 0.03999837478248904 -0.0003074417543526822 0.00043215460419020483 0.005027237929002109 2.1178680420536273e-05 -0.000485337320597603 0.005741820342713504 
-0.015564708224327175 -0.03390547404673742 0.03999681935867019 -0.13186865481740626 -0.023416974971831397 0.005495238232113519 -0.06210544042837351 0.016233830227947207 0.03999982245325395 2.0174715965672464e-05 0.0002781352309964506 0.005061184126953678 6.818523857482039e-05 -3.131158994065331e-05 0.005861912970877027 
-0.033195389844998584 -0.03384953733912862 0.04 -0.10039102302437505 -0.007328917135881469 0.017330953757844693 -0.05322680277316774 -0.010231329300323687 0.0397674907321908 -0.0003487249859375114 0.0016580956422872727 0.006346715884736841 0.004132437638790202 0.002582724236204064 0.0055084440849500795 
-0.03193644178636176 -0.03442280997117201 0.039978623373762005 -0.11814848222614227 -0.009143601027154438 0.010596010218563412 -0.05458526314098686 -0.003648035210945531 0.03989238586887178 -2.1974292317974205e-05 0.0010353093064219946 0.005 -0.0005262374979973022 0.00038999448996271857 0.005436576735553768 
-0.020648027286303994 -0.03358092720054816 0.04 -0.11450905940667407 -0.01519208815271669 0.009125868182310096 -0.059978415778449055 0.012142112805693826 0.04 0.0003191509138351804 0.00016777288611552986 0.005 -2.8956750833164968e-05 -0.00034825244823210536 0.005456981650159181 
-0.018021862073287483 -0.033062580231638966 0.04 -0.07611406363690397 -0.012024500747456267 0.029102517329578085 -0.06137666901301761 0.01527475232871739 0.0399891377924284 -0.0006421693806990504 -0.00021878425523437516 0.005335620145802502 6.246453526787288e-05 5.2726763486232606e-05 0.005378558569672345 
-0.018551076263084616 -0.03321343383957994 0.04 -0.13360171462412998 -0.020495845112411936 0.0054634261896349635 -0.06105049899595036 0.0145796550014484 0.04 -2.2587376528005517e-05 -2.7915779909739724e-06 0.006087699957587086 -1.4018354794153204e-05 1.7347611004226299e-07 0.005 
-0.01823902371453464 -0.03316002346591861 0.04 -0.1257762431791071 -0.01974935701164033 0.00650618650286146 -0.061228134065271736 0.01493994352550364 0.03999993070806239 7.506085895847611e-05 8.692367124878047e-05 0.00587765484526791 -4.671022547507736e-05 -1.530359133009645e-05 0.005 
-0.018373714913238356 -0.03300756515270853 0.04 -0.12760382625934458 -0.02031020146123261 0.006194486595502844 -0.061272264477531486 0.015069711616400125 0.04 -8.157557754805588e-06 0.00012332304157689562 0.005 -0.00023966274373056669 -0.0001460042438996479 0.005 
-0.028970996255236407 -0.0368759910981331 0.0399967028032905 -0.1323137801994015 -0.01269862970853181 0.007443286421196295 -0.055853273224562114 -0.0016255661296258137 0.039991387160211674 -0.0013490224878730662 6.45817880391373e-05 0.005 8.171011180614182e-05 0.0009381323066099332 0.006612358637438551 
-0.01807147236425022 -0.0332210166170408 0.039996731435173176 -0.10486686555841306 -0.01667656513136813 0.011156065896796631 -0.06122026157868073 0.014929166690251811 0.0399981917584271 0.00015767487980584863 7.924253086183305e-05 0.00540131191238499 -4.229745307877497e-07 -0.00021437908580997585 0.005969588300159573 
-0.026465858641898512 -0.03376037115424497 0.04 -0.12849870574313485 -0.013190966601704665 0.007234635309805844 -0.0575231494472873 0.005784702914631264 0.04 0.00023958446748924633 0.0005320581297388079 0.005 0.00047535908752370385 0.0004196858982895928 0.005 
-0.01691041986954427 -0.033472140885365674 0.039999998797596484 -0.10657967017519722 -0.017629866339045307 0.010543604226195215 -0.061718696742323345 0.015692865696959293 0.03999997537863537 2.179164952592631e-05 0.00020645935757231763 0.005857201973744106 0.0001881327028825222 8.076421626604004e-06 0.006069067804211682 
-0.035504579545612834 -0.034975471591748374 0.03867470604854603 -0.13279693135697454 -0.009808182307300581 0.00800076454749938 -0.05286607723199731 -0.007009077614590956 0.03990179684392802 -0.0009151939780222822 0.0017616489551192287 0.005 0.0007419551933975676 -0.0007947136082803227 0.005443966491365393 
-0.026302437085863526 -0.03483445489941006 0.03993698089375155 -0.12507143818221741 -0.013072543453001201 0.008021741885828035 -0.0574962388064065 0.005302022936607199 0.04 0.001056472090949861 0.0010898241939186742 0.005541826203902967 -0.00036531651409278405 0.0007652547381983958 0.005315459035549409 
-0.030510252694862548 -0.035107860483819746 0.03990473567901266 -0.12257154347206145 -0.01097740094636352 0.0093233082006279 -0.0552199039052565 -0.0018431596793360464 0.03998289207477213 -0.0005400357954401504 0.000298826730927126 0.0057672957612674635 0.0011785709182486072 -9.180394689431697e-05 0.006290187598833667 
-0.020156779413910645 -0.03303990064530547 0.03997969941970103 -0.11597147092108129 -0.01715680233683281 0.008547408597311295 -0.06040889007302379 0.013691145675095755 0.04 -0.00021984242619299378 0.00045905599435787603 0.013455473760633321 -0.0006598286149821515 0.0003701923044834193 0.005087389009940954 
-0.03573761559142686 -0.034263335665586286 0.03892752469957562 -0.11453465721227417 -0.007390224893216341 0.012528715221089197 -0.052783447780274495 -0.004802698145821257 0.04 -0.0028218849408882802 -0.0014539205061183745 0.006033933402269928 0.0020418847477845807 0.0026250539949554093 0.005 
-0.017524570909508347 -0.033121762562478174 0.04 -0.07532947349010193 -0.012308244839865225 0.029807575933161086 -0.061495236391291314 0.015439814490033442 0.04 -9.928931957241461e-05 -0.0006221271963487231 0.007015346646799156 0.0006408429823773605 -0.00014297679988499551 0.005 
-0.019051027473647963 -0.03300731831285879 0.039961896958635994 -0.12826599732404714 -0.01968614022278701 0.006183697755699785 -0.06084254849466421 0.014382934685861739 0.03999321943425345 0.00016145029673538504 -3.941742246866013e-05 0.0053923350458249955 -6.226277209937418e-05 -0.00021401159749622243 0.0062419616846888844 
-0.017754311094422204 -0.033308671617762756 0.039991785363116414 -0.08078166689723112 -0.01273933654849296 0.024610974067804724 -0.061444425139750375 0.015210405844811392 0.03999994074719904 -1.24182494126014e-05 -0.00019618629084922046 0.005 -0.00016635653339417398 0.0003358595898219337 0.005 
-0.033206270381523136 -0.03312408720269724 0.04 -0.13406157495736443 -0.009237392003659908 0.007245181061228434 -0.05433959743609755 -0.005296441303352491 0.03988094771681692 -0.001369947405175755 0.0001646591036164242 0.005 -0.0008363754357028468 -0.0011174001452727532 0.005 
-0.018753348975498855 -0.03313468813233343 0.039987943679504145 -0.13290107294650338 -0.020229645225618712 0.00558349460975511 -0.06101578664113806 0.014552483338840324 0.04 -0.00019254109767240208 -0.0004017032868133751 0.005638562976142498 0.0001566380728867493 -7.62289497329421e-05 0.005530307487535139 
-0.018792092125532477 -0.03291129597690087 0.04 -0.11538938964808602 -0.0180224892144389 0.008465859631524734 -0.061089205468828636 0.01469831865325001 0.04 6.984522261248868e-07 0.0001180858579369342 0.005 -0.00017106515327259847 5.49759388515849e-05 0.005346352763281343 
-0.019233330873405296 -0.03313915307297749 0.039980942773739266 -0.11593944145860939 -0.016433359124593483 0.00843373747260877 -0.060711147885743416 0.014052422378377859 0.039996230209375094 0.0003131956602436661 -0.00021824095198154803 0.010284168192588336 9.165210678279702e-05 0.0001737983945894183 0.005204612630680975 
-0.032820629634765376 -0.036447339190477004 0.03981125963668664 -0.13628823732121442 -0.010853204911343286 0.007282562176007398 -0.05393216889830664 -0.0066372477076993164 0.03994776237139893 0.001324267031929874 0.001537374355205316 0.005 0.0022437300562752286 -0.0007394325329233295 0.007322067364409742 
-0.029781819108851346 -0.038791032873047394 0.03987042825583592 -0.1390471097439419 -0.012899468082863207 0.006779760634796453 -0.055321606668339456 -0.006440304437201083 0.039904848316372275 -0.0011105089372449987 0.002031749909704118 0.005 -3.277947389821378e-05 0.0007213822060646902 0.007036949630475529 
-0.017903931963041964 -0.03321577742278275 0.04 -0.12353817591265943 -0.019455705669679267 0.006804026316272313 -0.06120862163364917 0.015008101848611274 0.04 4.606292724303293e-05 3.9041748361696927e-05 0.005220640372397611 -0.0006062792696055362 0.00032608984301927825 0.005 
-0.016843969553753984 -0.03356263441133455 0.03996097985175185 -0.11211716385613518 -0.018241395569020984 0.009124029872624376 -0.061760849947809636 0.015796062555446307 0.04 0.0002760669821475087 7.102454696637965e-05 0.005929526967336583 -8.949070100348541e-05 -3.927363410051221e-05 0.005250182203260858 
-0.02170644427955385 -0.03337862067856989 0.04 -0.12814173717707558 -0.016575279906955877 0.006579513414274065 -0.0596124137246825 0.011260575619592985 0.03999943232627123 -0.00019146058714878257 -0.00019365220145393475 0.005 0.00023397929235852258 0.0003395671319300139 0.005 
-0.020955387443906966 -0.033397481434305876 0.039967068647424255 -0.1321487910278938 -0.017660423696643227 0.005923218943354356 -0.05991151589013374 0.012119635088694755 0.03999692830164725 -0.00019078140933099206 -0.0003743785807643695 0.0059998412562113305 -0.00036867606952793876 -0.00034288532918115474 0.005979448730041485 
-0.019056774601613674 -0.032999162850894714 0.03998717694060099 -0.12224774475447847 -0.018833278367737263 0.007141105830111088 -0.060905731777584564 0.014376205126425078 0.04 -0.00016523059465982124 -0.00018825563336018352 0.006655532923184371 -1.2471598330671334e-05 -6.74426419418619e-06 0.005 
-0.01840235409242681 -0.033077231057250106 0.03999963401093961 -0.105297859229151 -0.01643883517848718 0.011081415560254756 -0.06117464238606897 0.014902262888831746 0.04 0.0001731236942834484 4.846055782393297e-05 0.006151938185732491 0.0002306795172059313 -3.8320588522378765e-05 0.005 
-0.028249710454412876 -0.035835695483270424 0.039970623915523716 -0.10230449123532402 -0.009803639792476705 0.015577928837597321 -0.05664771098603167 0.0016085319754576117 0.04 0.0008575275610344655 -0.00039109592708044924 0.00636655037666161 0.0008304361913409924 0.0004043580738381906 0.005 
-0.026277451518635035 -0.03453471292988639 0.04 -0.13652898055276808 -0.013756177673829788 0.006125702049363129 -0.05740097833022846 0.004685230745349898 0.04 -7.926310332997337e-05 -6.645325425581395e-05 0.0051306009856748455 -0.0003202651021927176 0.0002307060845914286 0.00503438163634125 
-0.021810089193262105 -0.03386129606075621 0.03999178351197963 -0.13213915061656054 -0.017024962546833878 0.006089016190156652 -0.0594056860652435 0.010596209217433598 0.039996029126361805 -0.0003613102142991869 0.0004445131751104773 0.0071054756367417695 0.0005519385183259881 -0.00017527178057992053 0.005785709425948434 
-0.02614992871873457 -0.033961624361154547 0.04 -0.14561901181536008 -0.014475798919637144 0.005 -0.05720096922081186 0.004916613175819587 0.03999051625050587 0.00031770302318137903 0.0018738450336564668 0.0060055128541230554 -0.0021545173944620822 0.00044299570155523096 0.005 
-0.021105229119214197 -0.03337364673117215 0.04 -0.13290893410069038 -0.017534959330852765 0.00582976379542116 -0.0598304444037473 0.01205789765296879 0.03998954469347361 -3.561269033255574e-05 -0.00020043015277444222 0.005 -0.00025131627302182955 -0.00021122497194420116 0.005047773058316861 
-0.021435021485673493 -0.03288507763477956 0.03996750860553142 -0.1331916746546938 -0.017712626711142525 0.005768690203571548 -0.05988916764692268 0.012210470642881575 0.04 -2.3873483574882428e-05 -0.0005344473060842744 0.005612951232429729 -8.53267453880398e-05 -3.1265769998182104e-05 0.005 
-0.01956451714280557 -0.03286130404768352 0.04 -0.09966599769147516 -0.01478903006420645 0.013258475416850782 -0.06067089177577532 0.014043291334401183 0.03999968192390302 5.978477409503083e-05 0.0001758045250909836 0.005113110016125005 3.9350025127947175e-05 0.00029352076529657966 0.006333400641224864 
-0.02846739153015561 -0.03402251170470759 0.039980133627065546 -0.13759238853955671 -0.01217471942155754 0.0061786112385289 -0.05663756678245856 0.0029566205565733864 0.04 -8.880289448412267e-05 0.00031112356753947875 0.005056570497537067 -0.0001967057470774515 0.0005818475233622324 0.005005197024404165 
-0.03125805209491882 -0.03509641127069168 0.039961801490554325 -0.12764477690471585 -0.010265264648547356 0.008390648871261959 -0.055090362650796094 -0.0019834295856446635 0.0399821617098824 -0.00021698362539737716 0.001551935467455961 0.005552222324500324 0.0006247330907956951 0.0013206659765225687 0.005 
-0.019178920137697102 -0.03269887064499978 0.04 -0.12952358446685186 -0.01955871853245986 0.005982469630893433 -0.06087596762866391 0.01462095893536847 0.04 0.00012137278703614046 0.0002582374138378117 0.007045203419457928 -0.00014656146616021215 -4.553958742179165e-06 0.006031368138747582 
-0.02126424243285043 -0.03271180260962818 0.04 -0.10812071828963882 -0.014951646468360735 0.01067393438640822 -0.05997482936894933 0.012487576733928377 0.03999734988778623 2.712372196412968e-05 0.00025862057420225696 0.005 -1.4298730770879455e-05 0.0001612131286389393 0.005418143068571331 
-0.029823223914396922 -0.038167635651098666 0.03998331899836634 -0.12563735936773157 -0.010768562482590624 0.00905461361047293 -0.055154373704598976 -0.006544798310142586 0.0399536679781684 -7.724097278965667e-06 -0.00023283032067172328 0.005171721313161058 0.0008585071611346889 -0.0006259022186122245 0.009197578312299441 
-0.01934347793903619 -0.032850645956756595 0.0399982938010584 -0.13077535115449113 -0.01941329967583045 0.005848641115400784 -0.06072900995734847 0.014271130588948645 0.03999925700346761 0.00020348293194135105 0.00022325285942990326 0.005507163125532228 -0.00010286398569936373 0.00013626851648873228 0.005162246861630693 
-0.03494501047646589 -0.03385957771958636 0.04 -0.13888797895400748 -0.010228677953748303 0.006900460075518111 -0.05319416746927424 -0.005475867437101796 0.039997165223520655 0.0006568952173673166 0.00023020522787659193 0.005521142703139665 -0.00034193849767280517 -1.406696154089529e-05 0.006316663356733172 
-0.01918777890925125 -0.033124300286647444 0.04 -0.11717370150422672 -0.017738164311958633 0.008145427670169174 -0.060838570141956 0.014210650159763069 0.04 0.0002737331205602668 -1.4461229128327808e-05 0.005014472258323007 -3.922292261008452e-05 5.189768897610885e-05 0.005079666241897593 
-0.03260522518405777 -0.03643310031754416 0.04 -0.12817265918933912 -0.00959781349046678 0.008761854817436293 -0.05359778652826327 -0.006979745356033899 0.039842621781614296 -0.002291572271795669 0.0009880170437563329 0.006290275424784552 0.0017196721338693247 0.0004398363688275166 0.006263599442720374 
-0.03232205062154737 -0.0368497675715394 0.0375458933750705 -0.08171482624839331 -0.007277422412610261 0.03222931613852223 -0.05453122192659134 -0.006879657511006728 0.039768644148420115 0.0002029376330072403 0.002095191440634461 0.005487364853172625 0.0033915915416251915 -0.00179217850460358 0.005 
-0.025662333639588086 -0.03432033987207441 0.04 -0.13488028946380623 -0.01377148172693026 0.0062417780736254555 -0.057626478698362564 0.006052249795722369 0.03999048369011996 0.0009899644733909552 -0.0003546705196625817 0.005443712444016202 -0.00011593390231007689 7.260445187882243e-05 0.005276317775189442 
-0.025150303184702547 -0.033950305747190726 0.04 -0.13925410989490628 -0.01510534441800958 0.005550339121562624 -0.05796477529356323 0.006823012837504687 0.039999962739880685 -0.00018764014055215326 -1.4521682287718394e-05 0.005899074213011298 0.00011996235077506374 -0.00010104090110449166 0.0051461358129430155 
-0.023292866272319086 -0.03300292384798136 0.03994764976261202 -0.13252996113324667 -0.0155226145375287 0.006072986067866998 -0.05884255936770858 0.009762726995036105 0.039994789854055024 0.00021484418764552646 -0.00019276310532730757 0.005700492165833606 -0.0004773825005813452 0.00034046489830646763 0.007847318495205867 
-0.019986835800569133 -0.03299275253699236 0.039999720131110424 -0.1346108477002887 -0.019408630426896348 0.005442316631086805 -0.06047000079894532 0.013542736397357548 0.03999998141147405 -9.697242505174801e-06 1.9050360766672553e-05 0.005241518239193025 -1.015901283320831e-05 -5.057152913406112e-06 0.005383084830899057 
-0.01976379524027788 -0.03307935615204193 0.04 -0.08048434290772685 -0.011623671977341528 0.025435012803303805 -0.06056270310693099 0.013696419529828363 0.04 -1.0509071882946534e-05 -2.5971007009822365e-05 0.0050169630940759226 -7.594626979041671e-06 9.82872365588976e-05 0.006517493859848161 
-0.029936295829311933 -0.035399781631492405 0.04 -0.13693999687098427 -0.012180950850012355 0.006656823004157175 -0.05578754421355122 -0.0005515878471188412 0.039996602646110345 0.00037289487554324367 0.0003115945668370574 0.005126718580839896 -2.662306533335987e-05 -0.0004665644695486125 0.006690464018785357 
-0.022255566956609244 -0.033068775790586785 0.03999992408332139 -0.13054719487906005 -0.016554502367190062 0.006248540120190025 -0.059404715288415795 0.011312233616289118 0.03999964250121804 8.25040247217498e-06 0.0001959939574897702 0.005005540949250708 5.7965956499512256e-05 -0.00014912644063586975 0.005592232792662385 
-0.021813091047994275 -0.03269784973339447 0.04 -0.118763697021284 -0.016121744921546985 0.00807048448441186 -0.05979946153282368 0.01179977319018074 0.03999973996030008 -0.0005942502744225187 3.129681219384513e-05 0.0050262782274239646 0.0007110870888412239 -0.0005103086851297701 0.005178593715138781 
-0.018754614101574574 -0.0328925540615126 0.039972224328042705 -0.13338711908118212 -0.020345687021476627 0.005462292482500555 -0.061000465812966385 0.014871659866006715 0.03998795407482308 -2.8184922287379667e-05 0.0004843499379442891 0.005607555756645152 8.025176698378642e-05 -0.00032765636046844997 0.005 
-0.017644287917046936 -0.03313762005105129 0.03999481406576265 -0.13339135241906355 -0.021683840899354052 0.0053884057366735535 -0.06147801250797632 0.015457550982308197 0.03999962333815537 4.4092529909474235e-05 0.00013005167414200346 0.005833062202959893 -4.767559899815215e-05 0.00023886307653316568 0.005 
-0.02074285021225265 -0.033034453607184065 0.03999974071021989 -0.12220151107737022 -0.016927294142905978 0.007389172890996217 -0.06010338802032282 0.012745081090309104 0.039999842531628686 0.00012148693044011457 -3.459495807505797e-05 0.007098453172499639 -4.98726989684165e-05 -7.555582650835735e-06 0.00504301350189504 
-0.022527926301140436 -0.03388428157935992 0.03999590553664834 -0.13983712666759018 -0.017125250723504765 0.005213057521936945 -0.05909295094459362 0.009659572383533361 0.0399990219919406 -0.0002500779811641324 -0.0003274139971307314 0.005176626576452478 -0.00013051886681886808 0.0002104151655876639 0.005287839171880627 
