-0.02648619352262397 -0.034170389604357414 0.04 -0.11953600411843926 -0.011852604097092271 0.009083962141275128 -0.05749314702704619 0.005660925083064591 0.03999170083990391 -0.00045947596276728326 0.0008522544419998085 0.005258028821783211 -0.00021890948396637917 -1.0173510556311894e-05 0.009236865962202138 
-0.020482970573966523 -0.03316082340747507 0.04 -0.08324300744855394 -0.011687612832872958 0.023236662438411704 -0.06023301924993246 0.012753283259044937 0.04 -0.00017738593308587003 0.0002016918037504216 0.005186978549372158 1.566146678445854e-05 -0.0007693534678017773 0.006197294584127685 
-0.01627498410047898 -0.033786635450743854 0.039956995718667794 -0.12821449675525556 -0.022007286293898736 0.006011985417244595 -0.06183507670459523 0.015930820029995504 0.04 0.00019235296954436896 -0.00021452202371474838 0.006394098195896181 0.000736576260991518 0.00033529744344212305 0.006236997854213937 
-0.023636324501955307 -0.03329395426946313 0.04 -0.13150129512900816 -0.01637885894545039 0.006307261544222226 -0.05874653694325294 0.009574398214671459 0.03999129417479246 5.8641198009184146e-05 -2.067674666132431e-05 0.0056054437527665495 -0.00011071545382245867 -0.00034209773046579476 0.005 
-0.021239628291946942 -0.03304071954159451 0.04 -0.12059868344344889 -0.015817728300483443 0.0077538485125475416 -0.059876876519995265 0.012135572504864358 0.03999509790439961 0.0004279784187260539 0.0007014014690661453 0.005548102291210581 -0.000133849513213461 -3.5375148926891956e-05 0.005009629532311128 
-0.028629381919874002 -0.03825350826059545 0.04 -0.15093624132557024 -0.0132213310747422 0.00508792060252659 -0.054156768233296126 -0.010988893289111436 0.04 -0.004627010101783257 0.0002904914424295517 0.005431982697683564 -0.0018130752455331547 0.00032778205516608707 0.005818946989799618 
-0.01899389072277017 -0.033361608505084094 0.039980647968649724 -0.12392431951645737 -0.018326458663411944 0.00694719087582323 -0.06084288056560843 0.013860022399523617 0.03999742189466101 -0.0002286815974028615 0.0007532313850271766 0.00834927498190824 -0.00037701339408471304 0.0006697826619655099 0.006163519017792324 
-0.016612723312938213 -0.033620829020465016 0.04 -0.12150425235328965 -0.020115281642766488 0.007072910768695577 -0.06184806826974924 0.01575528442070287 0.039987851119725096 0.00033333588066969676 4.5686069528421184e-05 0.005993676514465393 0.0006338808913714002 -0.0004490644708620826 0.005065429486598413 
-0.029781653969647735 -0.035525870896907334 0.0393727360685636 -0.0792648675758391 -0.006946346936302307 0.0342921248874551 -0.05645712388709492 0.0017419143092964257 0.04 -9.882135140610519e-05 0.0021326714112334 0.006086964324247661 -0.0012416005425359242 0.00037125440574061874 0.0056549758324737345 
-0.03196763564088284 -0.037875479534364404 0.0399992126783472 -0.14123084381851314 -0.013108917134907153 0.006677704827944253 -0.05515902711452116 -0.005105583498609985 0.04 -0.00304137776054522 0.001117971388472892 0.005 6.51812341400024e-05 0.0030480694451633797 0.005 
-0.03236418606983407 -0.04321353096189453 0.0295171524186328 -0.13870022350919534 -0.012912891754744756 0.006347353624051391 -0.05542780400297404 -0.009964710911471508 0.038937215968013555 0.0033426647771453866 0.0033459561667652437 0.011610717071623705 0.0011221848159197747 -0.0005144260615516476 0.006257596713159988 
-0.031292539822919296 -0.03889190903943444 0.039441629482165244 -0.15427127304583596 -0.015279346789883257 0.005046946852374355 -0.054957177365969355 -0.007866639267870859 0.039738171625623875 0.0008398839484800974 -0.004546142659251724 0.005 0.0014090841641042256 -0.0005732110736149183 0.006310134082980556 
-0.0204427865638949 -0.033433529882356594 0.03999176100895567 -0.1253941896674568 -0.017564512501865526 0.006852931018297985 -0.060081402181131484 0.012245118156202588 0.039995520486531363 -0.0003774817070137363 -0.000464664885407662 0.005519012512436526 0.00037753056720345147 0.00041107954213732035 0.0050223035988773085 
-0.022130474497830267 -0.03357753550349527 0.03995671310685867 -0.12287356967324795 -0.01540294436979698 0.007572982563214042 -0.05954403888191988 0.010921980397362727 0.039986882482369715 -0.000384758089201422 -0.00092556872059384 0.006090256087049255 0.00036708055032508963 -7.948140697565246e-05 0.006007438260693751 
-0.03297399399571819 -0.03580138837916044 0.04 -0.13993734473765024 -0.011753511394384748 0.006712606365273303 -0.054707265320829236 -0.002119826683398632 0.04 0.0001573597974350266 0.0034421325224093984 0.007381356420504567 -0.0015183368089670742 -0.0001304551332494073 0.010234984155255374 
-0.018570728345955113 -0.03338520121619056 0.03999895278333061 -0.12990845547006302 -0.019776150204806223 0.005953352844078103 -0.06080674110902333 0.014102381909913754 0.039998192480096395 -0.0004445330987140578 0.0005624410366584704 0.006945304953874254 -0.00015697743966695962 0.0003709764446099277 0.005 
-0.021886402556123584 -0.032900738199393285 0.03996818151560316 -0.11131962585332338 -0.013894726916518786 0.009940668500997592 -0.05973634423269999 0.011688800897047012 0.04 -2.1233191476729046e-05 0.0001318665153889396 0.007637119149641944 0.0001173300732407518 0.00029057926460390764 0.005 
-0.021377708082066384 -0.03322683851138337 0.04 -0.10739826326449528 -0.01397511593263509 0.011044176003177222 -0.05967847454374701 0.011684605544423068 0.03999196574051935 0.0011340238405097868 -0.00015461119770349672 0.005571004483226173 0.0002244191649188942 -0.00019013198652979277 0.006156616490941396 
-0.023163950729184007 -0.033691790454027606 0.04 -0.11686494224692588 -0.014508820121715924 0.008968201601784739 -0.058873698205445094 0.009190429769726867 0.04 -0.0006795306289969411 -0.0005013835573784398 0.005 -0.0002533314754390617 0.00026883880636914244 0.005 
-0.03283676600165267 -0.03399282767439793 0.03915456769209134 -0.13589374389366443 -0.009526742134649659 0.006750571570085042 -0.05175205050952555 -0.011763623272186916 0.04 -0.001795346135424032 -0.0009989104208618083 0.008832038647860464 0.0006231424607356121 0.0008829798754063476 0.005308830766659329 
-0.024337289907168335 -0.03336852360361655 0.04 -0.1320603792092943 -0.014871863935539761 0.006344839055628179 -0.0583281619764363 0.007895749319219015 0.04 0.00037618962537434614 -0.00030763806939440466 0.005861689265909689 -0.000565619344860575 0.00048423253063123315 0.005 
-0.016640301442240765 -0.033590710276285865 0.04 -0.11574427703627348 -0.01847282602641741 0.008169245077879755 -0.06163034845316026 0.01587561445445453 0.039993653111874194 0.0002891533984578749 -0.0003603578374246695 0.006786984720580546 -3.6604691320092024e-08 0.00022064015271501747 0.005091303101283316 
-0.02657388826872355 -0.034307401483501275 0.0399842192665136 -0.1292313517020894 -0.013511779303806965 0.007210596061636689 -0.057374302321551586 0.004764476750840754 0.03999572215205953 -0.00024753297534967945 -8.335610211311899e-05 0.005 -0.00012368247707012157 0.00020834428714029956 0.008036924478438554 
-0.01963807789388662 -0.03315999064792057 0.03998862305922643 -0.1268913577035574 -0.01886134346011306 0.006488211413268619 -0.06061228777543546 0.013627436685789538 0.03999432492597991 -5.911552970274433e-05 0.000210123989241917 0.007963955356848093 5.8873607739379414e-05 -6.402645286812469e-05 0.005 
-0.029040414337502977 -0.037782986512782155 0.03994047491476071 -0.14235561277862577 -0.012475571099988526 0.006080989478107891 -0.055436882592477185 -0.004762691790494106 0.03987322171318369 -0.00021154460027000355 -0.0010662795058108323 0.005 0.00015434791449196777 0.0007358555024796605 0.006944213888975903 
-0.01944738733947751 -0.032964377530542904 0.03998098638810321 -0.12798967143480913 -0.0193747861347429 0.006248102217426408 -0.06088883665329447 0.014139778214766027 0.03999959612167747 -7.737006121118271e-06 -0.0004847808797264688 0.005145473616993759 0.000735367171364957 -0.0001424953955525631 0.005 
-0.022105892160537412 -0.033682476961815325 0.03992839283152832 -0.11683022668962333 -0.014516369138506154 0.008774162648402896 -0.05949253900191473 0.011003335675823098 0.0399909055030231 -0.0003060186352355175 -0.00047828398537871984 0.006075976400761608 0.0005707234219992641 1.4645370877822573e-05 0.006096584280890946 
-0.02053704763217644 -0.03316026758455172 0.04 -0.13515803730752454 -0.01917590901265647 0.005472335177536879 -0.06022602177818609 0.012969907836609014 0.04 0.00028374603558027243 -7.497193459767192e-05 0.005472241203077936 -8.65631762487027e-05 1.923916420910791e-05 0.014952939865856855 
-0.03017882551326328 -0.038385990580729286 0.03949788755823806 -0.12153548818340999 -0.011954582842061754 0.01005543747352452 -0.055657995619922726 -0.004808410993836073 0.04 0.0008885856221093468 -0.0009898299505363517 0.007592994427906139 0.0010987710553322318 0.002017754454991882 0.005 
-0.02590838292955513 -0.0340902990190195 0.04 -0.143589455709932 -0.015048015820295827 0.005139002829640453 -0.057739981787238985 0.0052648935029882046 0.03998367339738961 0.0005636190615781959 0.00032180256450733296 0.007671616557015883 -0.00029347787963609595 0.0006029831749019037 0.007588912687195514 
-0.029032164043262955 -0.03450188130339361 0.04 -0.1378118843304541 -0.012334636565977105 0.006305299167151157 -0.05617539874222771 0.0011140879500355248 0.04 0.0003585327051989955 -6.898618571331145e-05 0.005669077711047368 -0.0003334225372572073 0.0007615412840887704 0.005151515595331355 
-0.03328682661812302 -0.0378878249959523 0.03147541274311384 -0.1079856385512805 -0.007859445538925248 0.012532047472907214 -0.05327376243785489 -0.01327890522632793 0.037466711386563795 -0.0007728867568680294 -0.006175585661524156 0.009163548470298847 0.006195165739203 -7.520978434122166e-05 0.00654084646259027 
-0.02975677914446189 -0.03637132654866519 0.04 -0.14091462633364202 -0.012339379602956998 0.006229233151727417 -0.05555356518288185 -0.0035756993934119253 0.03999949735457893 0.00023766113906725767 -0.00016255698390933138 0.005210991880919196 -0.0014208464232611628 -0.00012148370137596049 0.005776001032162857 
-0.019354071481431753 -0.03226012855099378 0.039936584705648315 -0.11898668886044086 -0.017549572275195935 0.007642430825625055 -0.06088786835489 0.014830329838948298 0.039998274919668404 -0.00022131865538965923 0.000953063263707509 0.005 7.367304066171407e-06 -4.661051378135976e-05 0.005110989650850354 
-0.02269665698565923 -0.03371816401853519 0.03999301658348265 -0.13551403816303997 -0.016558386709912484 0.0057171514078872615 -0.05919558313672486 0.010222976146124387 0.04 0.0005356857325947767 0.00010320340068381274 0.005992383274072462 -0.0007088761074407849 -0.00024077247588689135 0.005 
-0.016102843190725313 -0.03357123433860319 0.03997224429984072 -0.1057016276897145 -0.017142273626806735 0.010722210948008898 -0.062015394710243615 0.01634732601942764 0.03998395022826466 7.461689777450817e-05 -0.00037882464415879373 0.010170416543070522 0.00033257034014756855 -0.001191307911069452 0.005440256613879712 
-0.01888037197914225 -0.03295301266396888 0.04 -0.10469324462958764 -0.015749923979103377 0.011424917954655982 -0.06095577772139857 0.014686362764664082 0.04 0.00047300169536861373 -0.0008301322794468215 0.005197641643958424 -0.0001397414672248459 0.0003143286630625518 0.005 
-0.01788353755657279 -0.033089541717945745 0.03991435991130001 -0.1032788596224631 -0.0165133992315824 0.011584191056225001 -0.06116434243628764 0.014895886534186211 0.03999822238854717 0.0004619212549918088 -3.160821824638212e-05 0.005 -0.00023074329889636626 0.0002741583757470723 0.00913314041894398 
-0.022895608665724272 -0.033154476438247676 0.03999047903407176 -0.12474430450621467 -0.015532370133390308 0.007311095616880713 -0.05915641963034964 0.010419131802157191 0.039987873347681765 -0.0003555552238084041 -6.621898210151759e-05 0.006477707692398046 -0.00047582996076387583 -0.0004574764653649532 0.0060997482953675615 
-0.02234600012059107 -0.033990905356072125 0.03998702854263406 -0.12666108683240276 -0.015979956400515864 0.006976964604689998 -0.05930043798976548 0.010361942454229917 0.04 0.0004115019778916495 1.978041663954565e-05 0.008089246701209332 0.00036628319967070474 -0.0009245578468190102 0.005649567327035913 
-0.020285043529775088 -0.03277930143312506 0.03996167058510152 -0.13541739876129139 -0.019590995828096244 0.0053376967644603625 -0.060276437982462155 0.01342202098925688 0.03999670535257934 -9.112823974867745e-05 -0.00010311689292209162 0.008407648192757794 -8.791937621303503e-05 -0.00010976948660912082 0.005 
-0.017917611150496948 -0.03311304242098631 0.04 -0.12751175086926472 -0.021407167967412644 0.006178073796647912 -0.06143862485190034 0.01522254648983646 0.039999547826445096 -0.0003676837086160757 -3.029350866905569e-05 0.0060368277049012795 -0.00040275455218116913 1.5122645594103576e-06 0.005593550027728319 
-0.020590340801071767 -0.03390986067834261 0.03998897556248329 -0.12751076679752102 -0.01655587569076499 0.006673522793753439 -0.0599501210630859 0.012047432727951621 0.04 0.0004432292757682657 -0.0003369467857185449 0.00584038968829048 0.00023611918921631262 -0.000660715650263556 0.005 
-0.02310865897750243 -0.03306200684584103 0.03999388513562794 -0.11644941719997483 -0.013277351635124744 0.008972543123685402 -0.059081265618088394 0.009921838671353165 0.03999761094615909 -0.0002833497805143301 -0.0002952119770959433 0.00970982292838923 0.0007010764843280021 -0.00012377967386309328 0.00673042228238813 
-0.019708314992707903 -0.03279130507256957 0.0399921129042481 -0.13002308094442452 -0.018792135170844153 0.006021332500523482 -0.06077250699975392 0.0143081002523844 0.03999979318571846 0.0001276400203976787 -0.00029417787721386834 0.005 -0.00012168884138149009 -0.00020247852453011142 0.00752136459767404 
-0.015374565987449806 -0.03399856436599701 0.039907495989326316 -0.12211289572047926 -0.020874214774532187 0.006885085265073432 -0.06220314438827854 0.01635349766312409 0.04 0.0004667393942653378 -7.02430799568742e-05 0.005 4.8009002006930816e-05 -0.0009495821467839895 0.005 
-0.02490780319801797 -0.033756562394780774 0.03995299196152689 -0.1295994550878515 -0.013527008657119007 0.006809251562235146 -0.058040959873386644 0.007336568285755433 0.03999622256317454 -0.0003836029717992815 -0.00018602526585900103 0.005313689637347516 0.00037474751053949917 -0.00021668406251062057 0.005364969732723234 
-0.03335724203501992 -0.03609496326157764 0.039380466792081 -0.12344087600164183 -0.010531125655269782 0.00982735069807705 -0.054389236870094865 -0.0045748643348200255 0.04 0.000530882499319256 0.0014408060702606092 0.005285975329244274 0.00031431894232747 0.0003426234141716347 0.005510756307024712 
-0.03136396303472586 -0.03729325041804072 0.03857371553094028 -0.09715277573708138 -0.007072988418047368 0.019323768458681837 -0.05496429225053793 -0.006775812599468203 0.0392134848086575 0.0021211366676384207 -0.0032261888674782156 0.005 0.0020118521449434307 -0.00045026174474728313 0.005051635442085171 
-0.035284531906337485 -0.03798319221782873 0.0341032240320443 -0.14615273427373615 -0.011647237138479703 0.005781248773274289 -0.05318891711529596 -0.00741204974502269 0.03947374751049298 0.003273325430462765 -0.0049948703011446815 0.005026180527500408 0.0007979350087573959 0.0002778857254516629 0.007164194045610257 
-0.027388758209893158 -0.035409148426204115 0.04 -0.1343477451965255 -0.012296678190399642 0.006662428949632315 -0.056851647598554066 0.0009286880011191663 0.04 0.0005280831613124249 -0.00010340107712270867 0.011372223742874814 -0.000287989220717536 0.0014858836123640784 0.005226043371002267 
-0.02281913959981021 -0.03369522715008033 0.039979008404501186 -0.12788020886043383 -0.015936878063048075 0.0068090739716816315 -0.05900188109124451 0.009967848452066221 0.04 -5.3059909528187406e-05 -0.0005332229443993882 0.005988725381818415 4.6171049752330554e-05 0.00026876178646593313 0.005633224701538136 
-0.017035125354622625 -0.03354307424973011 0.0398706906639463 -0.10291055086844984 -0.017889872922019844 0.011794586900011374 -0.0617611166495358 0.015618251189242633 0.03997846816347856 0.0004168276811607586 0.0002235037867056808 0.005 2.501143786767969e-06 -0.0009984762342992882 0.005186623003833383 
-0.031628633295868125 -0.03642162439778002 0.03964529367750581 -0.14350505192408666 -0.01071268862562237 0.006094401603902081 -0.054605848656933666 -0.004405675856344989 0.04 0.001432392789911056 -0.0009367586515704445 0.005936940733240154 -0.0013985722974008989 0.0008209543567497205 0.005 
-0.023687893009519945 -0.03345214429053468 0.0399827467140275 -0.11844881009226642 -0.013251319287537077 0.00868181926393856 -0.058566107491935464 0.00923657776137089 0.03998819080931156 -0.0004647672615199892 -8.49658211492601e-05 0.005554591301784668 -0.0003440145186430221 0.00017436469083094273 0.005443313606926701 
-0.021650613619569492 -0.032461334347613946 0.03998147353441984 -0.12680752756966815 -0.016078193156645954 0.006655515487477375 -0.059768138613021445 0.012379041502748843 0.039994369609753826 9.194150483960803e-05 9.016419628121611e-06 0.005054125371824847 0.0005813998105404735 -0.00019711720620626508 0.0064290368167580735 
-0.019839905509924736 -0.032618411422987735 0.0399962553300999 -0.1262964155028515 -0.018146714383575308 0.006545676145648221 -0.060501332130648816 0.013862701170774861 0.04 -0.0001786347771318812 0.0003018481872969706 0.005 0.00033894847850596136 0.0001404948372518756 0.0061178397802562285 
-0.024353143672094877 -0.034130042405873 0.03999885394862161 -0.12923846856445714 -0.014602010530030376 0.006899819156208431 -0.05826934950577381 0.007439535046150286 0.04 -0.0007445634871010477 3.484384176818329e-05 0.005292109831561739 0.00044533830763968395 -0.0009775092287452707 0.005 
-0.019404555221238667 -0.033431578257965965 0.03992449879925435 -0.12078478765785518 -0.018291778593133565 0.007498104975833078 -0.06079031656022612 0.014077930400130412 0.04 -0.0004605280971298794 0.00040931340647153565 0.005 -0.0006036132025862582 -0.0008937672291703551 0.005586170136112766 
-0.0212663778798552 -0.032519891498601454 0.03999009772751261 -0.11747033180247685 -0.016088998419005535 0.008283692410944858 -0.059961422299185406 0.012806329569995587 0.03999074139533022 -4.313977540699467e-05 0.000451227110360919 0.013418721210349574 0.00023040014768876596 3.3717368393501186e-05 0.005937448064032181 
-0.025337755165202633 -0.032494248249736415 0.039969685245079115 -0.12974953225933553 -0.013359567181275884 0.006624362017568325 -0.058165124714524084 0.008807532792720998 0.03999454826416214 0.0022261359124707138 0.0013186948588982273 0.005387396695513726 0.0006002161526927948 0.0011008270500910136 0.006941550171885327 
-0.028364805469096033 -0.03522886073102603 0.04 -0.13444385949286697 -0.012585135516083108 0.00676698603131662 -0.05662047686983098 0.0024892187312769974 0.04 0.00015698441205778258 -0.0007572835144470658 0.007103830993254337 0.0001518780221186147 -0.00018179609819517965 0.008113179405009578 
-0.03165301197202724 -0.035921454076521905 0.04 -0.11503691176876596 -0.009551136353130417 0.011750320314455139 -0.05479280721156302 -0.002448072088595609 0.03999008783445548 0.0007803384810197561 0.0005517703308825271 0.01222709825469831 -8.06919315411755e-05 0.001308060471455916 0.0077769188786109165 
-0.02124250939408018 -0.03321002934608649 0.039979511605206124 -0.11229696118395734 -0.01606677681093032 0.00967670409335887 -0.06000632394634998 0.012771683651797134 0.04 -0.00011669686638551854 -0.0007653915556720417 0.005 0.0021963903724875576 -0.0008367035104152337 0.005109259997925176 
-0.029279186793711807 -0.03494326320869764 0.039929693588256265 -0.12845953274612673 -0.01179618529678233 0.007818586417531977 -0.05590487447889341 -0.0010980203412816578 0.04 -0.0005002745455528813 -0.0006782711618637675 0.005042082165880091 -0.00012805847596116535 -0.0005487797428393524 0.00641704415058354 
-0.03270799658420133 -0.035735695603321786 0.03852104508290079 -0.12546154025044964 -0.012357448884302484 0.008889392887465028 -0.0536221104411861 -0.009074661122677937 0.04 -0.0025907189447385657 -0.00018335613230641406 0.005 0.00047714718453567697 0.0019648199119311673 0.006538287125081563 
-0.024825190144683817 -0.03328486318661234 0.04 -0.09425636037125698 -0.010562852115896597 0.017438914325231536 -0.05799944202997786 0.00711728778937925 0.039998145883541565 -1.8789057570879446e-05 -0.00015749206560934886 0.006093895156554405 -0.000647859979753743 -0.0011509214177172562 0.005 
-0.018298486885061555 -0.03306367672012336 0.039993657815445845 -0.12375858374456669 -0.020220523113190367 0.00688750897420372 -0.061297354411220396 0.015355647928520313 0.03999802872994904 0.0005337232676965909 -0.00016059609804340504 0.005887553961780675 -7.382858765536882e-05 -0.0005430691335763456 0.006683886550195339 
-0.019494423645502173 -0.03323029183897376 0.03999847737739443 -0.11875477303179593 -0.016985519079717612 0.007939365041038208 -0.06045130903409655 0.01325779450428188 0.04 0.00018532289295061262 0.0008436276228731877 0.005142794286911073 0.0005278929629478664 -0.0002768742105921435 0.005007607943522007 
-0.021787612974463424 -0.03329289574300264 0.04 -0.13201373202925853 -0.01668739242223823 0.006008374937549825 -0.05975100990499837 0.011911200485782895 0.04 0.0002147126159374025 0.0003504789419870797 0.007069047894684239 0.0002100832257098986 0.00012851237119893176 0.00534156984017908 
-0.033729948085645674 -0.0337348319160454 0.039688803172274516 -0.1353653875600877 -0.009168704218402317 0.007135949746709853 -0.05367550185320125 -0.007025433687551305 0.039614145093613426 -0.00021429484070928438 0.0014994990032981678 0.005 -0.0004665601202078465 -0.002550364058619905 0.00808778702496165 
-0.03216027914627967 -0.0354400356555877 0.039770851895685945 -0.11752455912075456 -0.00983064944396254 0.010952222551560578 -0.05422051898889856 -0.00513787128600881 0.039959750262667966 -0.0008068122506744957 -0.0006317090063164342 0.005297771411523323 0.0015551239114790787 -0.0025283754978072284 0.005 
-0.018216025657358515 -0.033114125711606185 0.04 -0.13466421334417733 -0.021338008296270743 0.00524861205191694 -0.061258343985393766 0.015113210389908028 0.03999999706864511 -4.816827510813467e-05 -2.9343406521329007e-05 0.005362085980201863 -0.0003586720303385915 -0.00015672033860335895 0.006283975261882862 
-0.02002393207867147 -0.033036452058974944 0.03999429796497243 -0.12786838917734988 -0.01845207781506339 0.006345945206111912 -0.06048373550457815 0.013592960603323028 0.03999900602406478 0.00020208079020156408 0.00036672581128048147 0.006385691144984348 -3.395453707386159e-05 0.0001028129837866242 0.006245992830582525 
-0.01873236807140712 -0.033094633726566645 0.03997921559728163 -0.13128213080906495 -0.02095641225282611 0.005715905903043741 -0.0610775095403846 0.014865921504596548 0.03999954897198629 -1.124483663897758e-05 0.0004148726214912293 0.005019838187585598 -3.227080962023637e-05 -5.8389382781578406e-05 0.006540744424507261 
-0.019281425216886618 -0.0332008660795259 0.04 -0.11411300570505307 -0.016719959234531397 0.008951183419200412 -0.060768659331412365 0.01395014059636924 0.03999628146676144 0.00018905701573614992 0.0005978570969256307 0.005014011325918988 -0.00014580127474694507 -0.0007981639481195084 0.007177149702812148 
