0.5276354508000053
0.28500619758696244
0.224033397763359
0.3890241138409208
0.3035458112979906
0.9554711376289414
0.2556819060226708
0.22474284479932768
0.6911351795239734
0.9345743446507623
0.9991041280964623
0.9810083566011817
0.2968295191198116
0.34167899259975665
0.8666197504602292
0.2519580413080056
0.31548875367607165
0.3168060741517365
0.3926060578372499
0.9621349230910294
0.4311983629859632
0.22557401685835352
0.5465903686912668
0.26326065088375933
0.8477110358453858
0.2512663283679522
0.34282403584104215
0.2829689978204537
0.8842558398159449
0.5171553833560701
0.6693142684112064
0.9935129725344016
0.8061392523929812
0.23976066931727077
0.3666965099941771
0.22147576306831485
0.24291017344984805
0.23585211494538671
0.35813507611205114
0.36324696744603957
0.2710259347113478
0.2313316578766605
0.30926528673581416
0.3672325010970455
0.25127173667746716
0.22091768285522884
0.45973081983989456
0.9111780592317282
0.9099766626826816
0.9911721538764829
0.6495313350875254
0.37510879683125886
0.2263919427795015
0.8733907653112577
0.4008010227784081
0.29877267937423385
0.2586815812810683
0.4532746456826643
0.25719984673515606
0.2877904203940149
0.42015433258185925
0.6471158765416136
0.8370400932278602
0.2960838084029446
0.7185393202954348
0.9401404731738857
0.45416920990172044
0.23284049207118515
0.26959578485838204
0.31707083030385275
0.9038052070392918
0.8764789154004076
0.23474909717858775
0.2668131199011619
0.24034460974437297
0.25608936510593866
