0.4561911415264418
0.41546407032247606
0.4418690429332073
0.4802845053719611
0.49051476631641233
0.4921179555822012
0.4671767285310837
0.49384950835641556
0.47629636804554204
0.3809252834863121
0.2821985509401923
0.4564841206084723
0.48025901272326976
0.47408660623586935
0.3792964374510446
0.4128793821357265
0.3939507774261385
0.38921791720075694
0.48394824560315197
0.3937667230645709
0.49445235569769397
0.3389370075555359
0.4277477409044812
0.4943595986083371
0.48422221189746784
0.4477085486518336
0.4357237781094388
0.36008936628467514
0.42369927283998354
0.3906428272768444
0.47572832068281307
0.41544561742624053
0.40598013379359876
0.43629517739783996
0.4448535652434315
0.46365495278783275
0.3914180656061585
0.33464976650794653
0.48129136797657746
0.47548257785958453
0.4234588405478101
0.3972479941616245
0.4901824428330654
0.4938692301105399
0.48662612008730327
0.4942175476531028
0.47556019555425866
0.47259440134278086
0.434885571996173
0.4929016687108727
0.4805795407138021
0.415610279656101
0.4686693016404808
0.46739180880224646
0.4295541149881761
0.46431224621988587
0.4291695175621222
0.4609136354738115
0.43810789763589936
0.4944960178005494
0.4943648756578015
0.48891358995083434
0.4494702516886381
0.44615621724593424
0.4865160704336392
0.4827003840055013
0.47643381405337126
0.4060147648374906
0.3631025707876062
0.46597853136629697
0.490351380593138
