0.4943049072220479
0.46320018079307734
0.31739176491761967
0.4909129040664829
0.4744670294187925
0.4112611561678499
0.4358803413327446
0.3330005204488853
0.4940391049980125
0.4664580475137312
0.41811325154118395
0.4510837381444552
0.46975220397967976
0.48486513102473094
0.4714759069196027
0.42898268065175127
0.4783028622818115
0.47774436151239275
0.4912012483245177
0.4321124301405791
0.4931998299980885
0.33466959848130806
0.49373432813779927
0.44732962245727426
0.4787105754466137
0.4333868534943788
0.48456894366840325
0.4624957688345107
0.47334645943729187
0.4945121035637753
0.49012617548786896
0.4314041575942731
0.47791885456573324
0.4024460533513669
0.48790184438783607
0.29023785806565244
0.41391697969280006
0.3988786856510443
0.4886039618972218
0.48828056683128607
0.45518919311662187
0.37470244222104293
0.47441378075373786
0.48883499459219093
0.43128109160526984
0.26892550043977576
0.49418509379436537
0.46518016608587637
0.43959271199148675
0.4583562332192997
0.49066277483350795
0.48888374554734104
0.3484848896061667
0.46685894703915365
0.49194151018207605
0.4710622520343072
0.44315522096572724
0.4941391031933434
0.4343820568286345
0.4676655539486331
0.4936346888763803
0.48964719096152354
0.47383946074341615
0.4723861354616119
0.48797121828530376
0.4504686024301156
0.49433234623326616
0.3796331662519612
0.4494505721291384
0.47783800249861075
0.4581060896508182
0.47503782801367006
0.3861441901148238
0.4493018540885433
0.4062173219181787
0.4338854155120629
