0.3976292898092905
0.4248693773244501
0.4488783836189666
0.456343457533812
0.3727818064702131
0.4721046874436621
0.4843070162313371
0.4199391321740364
0.47778831919599213
0.46122752460390204
0.4759138939734716
0.49320593163190085
0.3091861273754941
0.494298972263678
0.4506203641862804
0.4586416699655998
0.46142855396283006
0.46182078887061584
0.4718132916921435
0.4254139338747508
0.3293753595609821
0.4677601229727
0.2896593336645067
0.4511876693095259
0.3419931248065304
0.45897346948564266
0.47792840346644194
0.2634967335793595
0.476945596230562
0.4722619844599195
0.4195929812457357
0.44653452513630476
0.35405915347705397
0.3874175097873491
0.3741097880580302
0.4728029039657662
0.4051783371193678
0.4221633312181644
0.4937045685090284
0.48208164817670063
0.41423600105979697
0.46535026245594296
0.37977177357456504
0.4882434012132895
0.4943275978662051
0.38404510670169734
0.4499014233484873
0.49275596473033845
0.492933737435714
0.43084860306624106
0.4552708572802053
0.4283802171319325
0.4914568632793179
0.49465232611630605
0.2712617440820398
0.37175782143504343
0.36823133601890823
0.45313781522551555
0.49341570329793893
0.27806878086377673
0.4912139878089627
0.43483434472174287
0.480492624078336
0.491052828527758
0.371835913933223
0.481799502600748
0.4888578202247025
0.4912499047316762
0.4882765712303525
0.4879815178821485
0.38838187329963414
0.48651991966580654
0.48856610638832065
