0.7562889222936434
0.8151732747658424
0.12213581561350922
0.6836444360890513
0.34280443156132984
0.3714664367520311
0.7313673833325557
0.4286657164748412
0.17146415496114195
0.8458361743287869
0.8982612475368332
0.10962882595574142
0.19997320204628305
0.7118486517893858
0.8473884060727199
0.8162250589399612
0.8326152128739415
0.8377826204376737
0.2408091419024352
0.8327925406773338
0.47295552110818817
0.8701438519968123
0.08209746366850995
0.4468269620276142
0.24188693808297046
0.7669152097880115
0.10884328464609971
0.8583429915671396
0.8048746012853788
0.8468576137411523
0.18415390025932332
0.8140856513777621
0.8224887615687947
0.7905863896359191
0.10214022024367717
0.1221651868655621
0.8357234537005904
0.8728861047199128
0.6781745619543234
0.7095836336117523
0.8066627858289415
0.8300558072212298
0.32827440617688886
0.44273673941741903
0.6515922258213389
0.4562016914095345
0.7046566046686673
0.7142727526201408
0.7904396485165811
0.3807272514803879
0.22328113134439084
0.8142654752447561
0.7262827701775524
0.13238138936644936
0.7989452935897197
0.11648630340856134
0.7978839464029801
0.09951510317345341
0.13476595598998453
0.4798318972065501
0.5129866222967566
0.6217139650578238
0.7685082714591631
0.7748856556197002
0.26744537458731854
0.6725754192757882
0.7035132651473691
0.8237863654067085
0.8567175535439073
0.734622093547828
0.6191781507016961
