0.2740889347708598
0.24349856248538332
0.964270816310168
0.3244022104834457
0.654632909486959
0.6231616112507279
0.2900198687853627
0.5620986468407971
0.8557358066970557
0.23231043374093424
0.22139227033698225
0.9456266255960623
0.8211061232367268
0.3035598265283488
0.23172327030273274
0.24302089658530984
0.23659995037881365
0.23479793239882374
0.7718492411666263
0.2365548693713432
0.5162139488953627
0.2257605913311657
0.9803939374377848
0.543438590440049
0.7708920409277854
0.26793979050846994
0.9464035832612666
0.22861835253479357
0.24807995775556885
0.23186908175767879
0.844114175066973
0.24396126735645274
0.2404742134036394
0.25501933633443685
0.9469245308424946
0.9192440699760611
0.2355479481272979
0.22521595119482102
0.3286418797223543
0.3051926770036536
0.2472236293787565
0.2375420354879671
0.671195697119813
0.5471950061894831
0.350034011404594
0.5345809192937379
0.3087292610165872
0.3018283255468877
0.25502911964863856
0.6134139358017437
0.7928546678832521
0.24388669089671688
0.29347761438354686
0.9057340897370915
0.25083784709722784
0.9278212297152176
0.2513348806479519
0.9524301859501386
0.9103701931021987
0.509291272619431
0.4760340930400164
0.37528560506819314
0.266872610124443
0.26327770116036076
0.7401722334009654
0.33301008980148217
0.3097373780761247
0.2400263890899599
0.22900549593273972
0.2878337215032172
0.37736808388146736
