-0.01808774156898918 -0.03314405030202477 0.03999741787605923 -0.12031384310830101 -0.01926027965083236 0.007362677201234431 -0.0612250206404182 0.01470535018595899 0.04 0.0003890367426859116 -9.000040223373396e-05 0.005 -3.281707155525995e-05 9.73985071242807e-05 0.005323766581628233 
-0.03728192739468905 -0.028834522554445637 0.04 -0.1114787649541722 -0.004774559156028076 0.013255429830976719 -0.05081805136388265 -0.007769308700039595 0.038763568461717364 0.007259367530268913 0.0009446989921365109 0.005393977918874235 -0.004821972138749929 0.005005025469811242 0.008287741109115105 
-0.01990493882400934 -0.03283937701178148 0.04 -0.10621564759433597 -0.015329691640406857 0.0109981615118131 -0.06045057377271835 0.01342502984652881 0.03999946013092898 9.432604534320471e-06 -0.0003260837326843934 0.0055065078466969945 -5.70931061666953e-05 0.0002486625206535865 0.006883780650019952 
-0.03488744744129327 -0.03167365536732246 0.03967097158452484 -0.1220863993182529 -0.007908944035302758 0.009597930446862022 -0.052878831990751336 -0.005414863329063166 0.04 -0.002144248444809326 -0.0007422731802104157 0.007877633916976419 0.0036946419763335824 0.0005139609160659004 0.005652584933928738 
-0.018259974277225248 -0.0327937627154427 0.03999185784998337 -0.13166305145634358 -0.020678889649363905 0.005670642511512723 -0.06146566616155641 0.015100344715611032 0.03996988039563517 0.00039591615345453197 0.0014650585391781756 0.005 -0.0007296993486978014 -0.000980049812153631 0.006164665273592178 
-0.021045685055887546 -0.03310282447394541 0.03999498016913181 -0.11602288441208394 -0.015201656120863882 0.008692062525727236 -0.0598249479840945 0.012401816369021622 0.03999906346674473 0.0001259481441259729 0.00012977898710392932 0.005456679300465457 8.385545638408444e-05 4.672769401161907e-05 0.0053439031048712685 
-0.02936281311657446 -0.03721448922773273 0.04 -0.13725073071446783 -0.012970820653356533 0.006747965529646379 -0.05629337407713934 -0.0011112036208174496 0.04 0.002084980079707827 -0.0004694176357293873 0.0052276646604438965 -0.0007512248501192931 0.0015336353168838384 0.005899040430765867 
-0.018763787952384117 -0.0333111714740877 0.039986707635758637 -0.12856087747229744 -0.02008679805871691 0.006195590485464244 -0.060911193811787306 0.014425570832824952 0.03999114198980235 5.903376656965794e-05 0.0001286869152480103 0.005 -0.00025497597515767114 0.0003366376116259714 0.0062257484817827575 
-0.03173858168081087 -0.0358895526979699 0.04 -0.14189779543799685 -0.011871763270518046 0.006293703828597399 -0.054787033493165306 -0.0036716583344511802 0.04 -2.7753126798030683e-05 0.0006233801351821316 0.005559370017366536 -0.001103457096892635 -0.00033573107222445366 0.005683610773027714 
-0.020180796802888194 -0.033409741728173875 0.039995391799045425 -0.13108312786069276 -0.01828616239277179 0.005963043849031704 -0.060288450906775266 0.013226528104413493 0.03999696844620924 0.0004880976328162118 0.00014360624644845887 0.005 -0.00025542253066928233 -0.000134245943825443 0.005468497039302002 
-0.021243375499438895 -0.03321868210914344 0.04 -0.11636542632155049 -0.01508464640190413 0.008654516683743141 -0.05982373291117771 0.011811031887415356 0.04 -0.00012581153856696298 0.00014558103037902 0.005935442920563017 -0.0002250764384648192 -0.00020792189484852911 0.0055957379504390885 
-0.027389718865005068 -0.034590713631855605 0.03998963103826057 -0.11203177255811987 -0.010601133030838216 0.011367325818642887 -0.05697961290334449 0.004472193142636891 0.03999916371711394 -0.0006280839929361758 -0.0002547467084793698 0.0051245580095093946 0.0005114051588687991 -0.0005500488368925988 0.007413980418594923 
-0.01603297056950329 -0.03368731712637405 0.03998002724487738 -0.13614551011002743 -0.02078914060178523 0.005 -0.061940877462955186 0.016085202354081053 0.03998549699550609 5.521884997360636e-05 -0.0006665472566942472 0.006123668195391614 0.000405480085530857 -4.52059977221706e-05 0.0052117303128730585 
-0.026709128394261327 -0.034130223953594954 0.03986732020752153 -0.12097535603648622 -0.01220310014062725 0.008747104258853364 -0.057290445638889693 0.004997450553104508 0.039999983530455675 -0.0007858247572869885 0.0005542741010814971 0.00636124178485579 0.0011211958034767395 -0.0001892592987382088 0.005955527016889689 
-0.020289665338968733 -0.032856721218015965 0.039969721304550385 -0.12369269609355926 -0.017821916310675312 0.007034046744941129 -0.0603138728448914 0.013639146923022939 0.04 -4.563890058474046e-05 0.00043680682583154234 0.005008947167769504 0.0002717611379906352 0.00013588858522029627 0.0060288054730128935 
-0.020393702668443797 -0.03312188803895263 0.03999666051077492 -0.13063120375925477 -0.018315005726236688 0.006014155849410226 -0.06028191668461213 0.013283372762159094 0.0399992106329673 0.00042508661957397104 0.00023522591206256833 0.005551413776673317 -0.00046799824492035886 0.00011265532278012145 0.005725273772310936 
-0.020246186327163698 -0.033319750127789566 0.04 -0.12414250742397012 -0.017328247773801625 0.0070245015504186645 -0.060216947136136144 0.01299935044686464 0.04 0.0003507581570962408 0.0003171583400911709 0.005137443913900866 0.0002197202175876421 0.00016208761121617093 0.005 
-0.03301248553538783 -0.035877344329060416 0.03963848548751056 -0.11087983389568565 -0.008500813645699667 0.013361670817413678 -0.05371515922606062 -0.007715105361272384 0.03996627137531597 -0.0007848293875591873 0.0025659422684762077 0.00654643065906616 -0.0019376847299249415 0.0019869329470811035 0.005534100575849137 
-0.03131332250608169 -0.0353434484972502 0.04 -0.1182920636740502 -0.010309240920957457 0.010637444822763392 -0.05513186567397114 -0.0031573549982004535 0.039720325985859756 0.0036260136183336577 -0.0013453402814651984 0.005 -0.0001016054682126009 0.002830939793576354 0.006486791026346183 
-0.018828832093533563 -0.033199058905915166 0.03999241124579508 -0.11159724871682708 -0.01715381278174072 0.009371062300557571 -0.060912682769483036 0.014619907054653226 0.03999776992726696 -8.560191267653139e-05 -0.0005440307901183034 0.005 0.00021459092018676074 0.0004361312395253446 0.00593596240205431 
-0.016538708757953005 -0.033654633041101965 0.03997404711034507 -0.10140423670232196 -0.01603536790483804 0.012267648581886607 -0.061880144792831056 0.015835160651881588 0.03999818310015842 0.0002274228194570913 -0.0004631475632991397 0.013923906221624668 0.0003488961660535569 0.00073454420352097 0.005316784430748678 
-0.02069962866257505 -0.033169638154287716 0.03994006093783403 -0.13942174201743374 -0.01919980842048222 0.005 -0.060115680914763665 0.012830330094199068 0.03999126963989189 -0.00023414962494417346 0.00016393559178874153 0.005672481223673751 0.0002659464909498465 -0.0007949565151183861 0.005438496320901075 
-0.016253239258683178 -0.033613634197837056 0.03994373607963268 -0.12520795614314084 -0.021388755282789017 0.006445967842317602 -0.0620152613312015 0.016208825347511936 0.04 -8.999005296792887e-05 0.00011157929039417839 0.006659796456553386 -0.00036218476228971306 -0.0006359286174032405 0.005 
-0.031151805275911326 -0.03784165603310878 0.04 -0.13896755055542262 -0.012202455142639202 0.006853798728891206 -0.05480890843466061 -0.007186252123847132 0.04 -0.005791318465245999 0.0019181420633252318 0.005 -0.0027284561855713783 0.0007495074666122744 0.006353528888903054 
-0.016845982942283472 -0.033579742621856874 0.03999981151745474 -0.13213006524766824 -0.021012557150260028 0.005555833614161208 -0.061667813666386136 0.01567669731336779 0.03999791770554482 0.00018217516024960395 0.0003197389644611342 0.005389285498787307 -0.00016169347093932332 0.0004122924252397595 0.005 
-0.02053922615988346 -0.03304428197352492 0.04 -0.1110162947169912 -0.015130190299519524 0.009862655186208474 -0.06036183701464607 0.013281154347217657 0.03999803108835105 0.0003908941684151576 -0.0007749663652876994 0.005129989671452901 4.2532851941313684e-05 -0.0006272421958280841 0.005 
-0.030037260976829572 -0.0354615630785021 0.04 -0.14105345965236282 -0.01229029019647914 0.00612551143513226 -0.05554633362836352 -0.000863138352004456 0.04 0.0006686698654695192 0.0006936092420321962 0.00570110341615248 0.00010806919485365982 0.0003429104662811288 0.009587393619721453 
-0.01565389866080483 -0.03400570300588414 0.04 -0.12715091315120416 -0.021885142759519315 0.0061159491460141815 -0.06222548435575009 0.016475399567638525 0.039998358924046996 -0.0004373320548374699 0.0002426254245263585 0.005 -0.0004965641076582626 0.0004410973727944725 0.005266065480514135 
-0.021667857518489875 -0.03307285338182979 0.039997901420544685 -0.1195316671260575 -0.016137236979918104 0.008033484782966923 -0.059819540044375175 0.011765108653863952 0.03999449024369888 3.15535544089689e-05 -0.0001737150633125944 0.005514872078970528 -0.00022015850996559696 -0.00012205850065761929 0.005054129497419091 
-0.031081214387001205 -0.0351287661478919 0.04 -0.12389178039832288 -0.009744561398344545 0.009047332410345459 -0.05490406777767566 -0.005187559428005574 0.04 0.002924964184849784 -0.004886760933039056 0.005006757703254676 -0.0037371743432653357 -0.00029431906325055635 0.005277621055259758 
-0.03537077862605374 -0.032346170446031 0.03828664803184926 -0.12211780086840776 -0.007302897917389079 0.009548881433866608 -0.052479285528859096 -0.009586375766217958 0.04 0.0012945226528386226 -0.005048711650803164 0.0059878892162313225 -0.0009455802276100095 0.003569366639382905 0.006641493215834974 
-0.03270762387092647 -0.03649246499234126 0.039374849936812735 -0.10489155474960642 -0.008032204137204794 0.0157992062044294 -0.05425863079790014 -0.008148197435498921 0.039705825329045305 -0.002773248692497401 0.0017464598830812914 0.005732324420597169 0.0012553794020325783 -0.0024334990702222356 0.005041604138541504 
-0.017503465097739764 -0.033359462218096825 0.04 -0.07079943365722953 -0.011128416962830704 0.03604494745063471 -0.06158303853243641 0.015783617815095016 0.03999775791714963 -4.928378877540015e-05 0.00034532420855375265 0.006714799670093762 -1.9429245148191928e-05 1.4183927927798886e-05 0.005609678613723851 
-0.017734974850489787 -0.033476794537211654 0.04 -0.1355538658259308 -0.021525280324954887 0.005188786859767317 -0.061335071900647985 0.015104430406056529 0.04 -0.00014728645999206467 -0.00020230905121066526 0.005712295741747813 0.00011838878473365442 0.00040392381475000465 0.005 
-0.01765897366418239 -0.0334095937872526 0.04 -0.1108499968272885 -0.018266107703451707 0.009450745879830458 -0.06146750981564465 0.015403575234328103 0.039996150757858374 -0.00015708308371915566 -0.00010838979946727292 0.005 0.00016842030315672484 0.0002222059503298233 0.006129198680976097 
-0.02143766918020332 -0.0329195108290042 0.04 -0.1337665091352467 -0.017584506960527935 0.00570325627049716 -0.05980116741495484 0.012206160757834133 0.04 -0.0005799427720224788 -0.00036668634740490597 0.005079998048298045 -0.0002320216303059877 -0.00022993036335558847 0.005358264293861851 
-0.041346360588206746 -0.028522269295517343 0.035872905139987976 -0.14128853998706034 -0.008075908074754754 0.006475437688421252 -0.05021166098716297 -0.0031529848247508364 0.04 -0.00536766355858183 0.0006848100785613674 0.0057647392756743744 -0.006804990273151305 0.00589406953853152 0.005122384795284931 
-0.019359461355278666 -0.03286993629168028 0.04 -0.11401201353860363 -0.016539137542731834 0.008859788482882323 -0.06074415401008497 0.014314916351634734 0.04 0.0004318879720424158 -0.0006660843670712359 0.005049989681090411 -0.0006104952804525628 -0.0003823590370224153 0.005 
-0.024553602625117327 -0.033510565082232026 0.04 -0.11480885676737422 -0.012557221432462731 0.009674533658212166 -0.058182779460745286 0.007758395531116449 0.04 0.0005120648432149683 -0.0003714562129544859 0.006018643093138763 0.0008307100994070434 -0.0005666980254686836 0.005109788870161624 
-0.022345464581107796 -0.03285176552099098 0.04 -0.12734629982162954 -0.01548115373078098 0.006689634246835035 -0.059423523525411776 0.011146169089342588 0.039997274082283964 0.0005192494028943727 -0.00015889209415282973 0.005135096038506527 -0.0005408148577515878 -0.0003741291349266322 0.007697074473709148 
-0.018753283371783745 -0.03316877015719132 0.039995641023816086 -0.11814361194228498 -0.018248029114942825 0.00793723418684171 -0.06104190148300689 0.01465980601255049 0.04 -0.0003389196049525385 0.00043282871134042256 0.005290075703699315 0.000303950914848269 -0.0004703627337390604 0.00527960721895804 
-0.020290187451360735 -0.03320563552247196 0.04 -0.11972284886179173 -0.015518356093937383 0.00780650112567429 -0.06008838427519851 0.012574672386964483 0.04 0.00031893202740315436 0.0001938979747642325 0.005 0.0004748925002136375 -4.1857582301518204e-05 0.006874562479440726 
-0.017892639416292246 -0.03324957731244092 0.04 -0.1340085610088399 -0.020670408716996307 0.005325864720480223 -0.06135924583792932 0.015248713569777535 0.03999883119944836 0.00023818557774859161 0.00013159115869178106 0.005 -0.00018172129174956765 0.0002207058836408291 0.005985020796096171 
-0.029087930042258396 -0.03517996107392602 0.03995369447515936 -0.11053976722019251 -0.010325273632378743 0.012440311407982253 -0.05599429139862425 0.0008463047000868008 0.03991316123912716 0.00031472168649404814 0.0007578213565999018 0.005091672101777625 -0.00020960808960110422 -0.00013319518889270328 0.008024493091955104 
-0.025359258905597527 -0.03468409415060338 0.039958398422657825 -0.14238882247828963 -0.015333930025396946 0.0052942620030193305 -0.057800734372743634 0.005284652824324286 0.03998064077020004 -0.00011584138090212778 -0.00018454685941607927 0.005479730173332055 -0.00037316231593378273 -2.6459985903088886e-05 0.005554730462914501 
-0.017771719636358797 -0.03332314528900071 0.04 -0.1110947068439079 -0.016770399595293334 0.009421863951919676 -0.061342565673736 0.015172889925993955 0.04 0.000654045893508505 -0.0008362962961542594 0.005861476365724655 2.4220028151446013e-05 0.0004950928427821026 0.008669799146445644 
-0.019902364573351282 -0.03303814802243636 0.03999207675776215 -0.12687807308519672 -0.018583609803640794 0.006525582643911068 -0.06049673190801415 0.013418648100006373 0.04 0.0002241197188612238 -0.00035291573249157107 0.005591354664275827 -0.0003089592130097954 0.0003712237848377776 0.005 
-0.028101498296732627 -0.03410298164727053 0.039710763765377875 -0.10947344361868615 -0.010675355541062796 0.01210647805664643 -0.0571267846075088 0.003923290924770712 0.039920840286826055 0.00022634546242914763 -0.0001288271620758022 0.009110749570653606 -0.000230710705174149 -0.0009934419251100344 0.006243891454638755 
-0.02421597652787143 -0.03344635223787124 0.04 -0.1310141948512902 -0.01419667444974801 0.006511616805884775 -0.05841641832472913 0.00832641717251931 0.04 -7.304709096158459e-05 -0.00018564982683164566 0.0065754444329485014 0.0008831864159084986 -0.0006032460078883568 0.005 
-0.03524823896279991 -0.03629761187694771 0.03979517766083698 -0.10129720767568487 -0.00866819464531965 0.018871050265599935 -0.05515402508625601 -0.004925659514419247 0.03946168506518738 0.001791715615447425 0.0028750294297063346 0.005471917451445219 -0.0006617268948918922 -0.0067273356014117235 0.006142393452231861 
-0.03125337844782757 -0.03792757941133388 0.04 -0.15482910769796546 -0.013398323872070423 0.005 -0.05495896164300347 -0.007381196208646421 0.039909490215377486 -0.0009270376163900186 -0.002844035063701053 0.005448980166655295 0.004214624695059213 -0.0010479475926119155 0.0069679889754935675 
-0.03571500136856219 -0.0341286241251918 0.038610526900010295 -0.12514541086554634 -0.00820271177464746 0.009310120128650862 -0.0533029597763148 -0.008420827473708672 0.03986392894235073 0.006098499562075807 -0.0010868694511859235 0.005213978466149684 -0.004410192806637585 0.0002234600814990978 0.0050364233587924575 
-0.023416908882251623 -0.03320862671062922 0.04 -0.10957351688039618 -0.013685348613766095 0.010787349545209237 -0.05884162915264471 0.009085457871892985 0.039991145552628844 -0.0007883717436508483 0.00028952822033790883 0.007238278008070482 0.00067365607759283 -0.0003638855731284612 0.005080361678301434 
-0.026598219389835694 -0.03357262322480273 0.04 -0.13090256327633226 -0.013817788612786278 0.006815150077553594 -0.05727932517286509 0.0055703624113249035 0.04 0.00019460094752646144 0.0012880838357123522 0.005 0.00018682329632775543 -0.00038657459788692393 0.006691233817804951 
-0.01621718156249366 -0.0335713116608606 0.03979905709178368 -0.1325287913096019 -0.022026357487814275 0.005410759786055006 -0.062087834907434754 0.01636997444247638 0.039996090587359014 0.0008433510422275123 1.4731910719203425e-05 0.00617951285477002 0.00010480092602743748 -0.0008397264061436433 0.005083390098382883 
-0.016912879329857567 -0.03350680724555345 0.03996857746323424 -0.13199656887275008 -0.019139904857938365 0.005599166930100732 -0.06148984439457265 0.015228058458098862 0.0399975538283231 -0.0005665831344497039 8.13108496589991e-05 0.005645687721382945 -0.0002341659246949669 0.0006046163404991207 0.005190428505203422 
-0.017683844377432485 -0.03315376215798997 0.04 -0.1155220938330776 -0.019589107971531912 0.008318239870207125 -0.0614391035240466 0.015313080718246018 0.039998284141368336 -0.0006600470060293218 -0.0011291590502274767 0.007725007713044077 0.0006416541258940722 2.1208807994601508e-05 0.007330379619765993 
-0.019479038616852924 -0.03328046997747112 0.0399875827926892 -0.11682659861394573 -0.01648149186877853 0.008340717666909478 -0.060427082232043974 0.013529727607598163 0.039999323907818754 -0.000312694284779959 0.00031940663852813146 0.005272003523168827 0.00040112261123986673 0.00029751778717647967 0.006950501154238169 
-0.02412178820032033 -0.03420068027734102 0.04 -0.12371856809927805 -0.013138530893544121 0.00782354323347529 -0.05843036361714961 0.00777285498161902 0.04 0.00024648684921015177 0.0003937945537706726 0.005 -0.0002185757284728882 0.0001086064865483419 0.005745839281797495 
-0.01579585182097036 -0.0338091645407276 0.0399943255537265 -0.10315445508509814 -0.019768419157284237 0.011505099467695252 -0.06198217228627434 0.01652426364760606 0.04 -0.000289227665180498 0.0011467672766544022 0.007975483793811909 0.0007327660583444807 0.001184195912431193 0.00713844195656631 
-0.028202669022937506 -0.03581940013905803 0.03988352204991923 -0.1492383172558413 -0.013793602404811499 0.005 -0.05658753862694319 0.0009666333306373117 0.039971466783708984 2.253780541788125e-05 -0.001316420613957373 0.005 0.001497492142456227 0.0004911098645251804 0.011485861592092254 
-0.03313307596559813 -0.035042343580519004 0.03875774789270554 -0.1273929935694269 -0.008784348748450707 0.00847846055088307 -0.05266259946001726 -0.010835710953400314 0.03934390543188113 -0.0004502509464287751 -0.004191920770015369 0.005719186945325358 -0.001971706318105425 -0.00016925327733932692 0.005 
-0.02976686070191376 -0.03634561366433651 0.04 -0.10814582190240084 -0.00846431126342128 0.01372324432203308 -0.055220035300337804 -0.00267603622015442 0.03998746494684027 -0.0011522510601839901 0.0006711961011837444 0.0057249124280693295 -3.0895867171660076e-05 -0.0006619981326352778 0.006901710631414522 
-0.02366765807385712 -0.033531647663196974 0.04 -0.12187870853053238 -0.014134997316123055 0.00800042209924063 -0.05865278088885787 0.009223438627396802 0.03999799985800714 -0.00019763910843979148 -0.0005572656039984339 0.006340835259017242 1.8879889521326978e-05 0.00012735433378981479 0.006503085506931739 
-0.01801317954577184 -0.03295672855504447 0.04 -0.11016384934647616 -0.01676326996757257 0.009633041695288494 -0.06136093947726139 0.015355938593634435 0.04 2.9159202366872862e-05 0.000538550034648224 0.007328264023681549 -4.857697736955209e-05 -0.0003901962395472454 0.00563737107004634 
-0.021557857826397086 -0.033361685400048274 0.04 -0.11355018018636287 -0.014871887964477328 0.009466758244942659 -0.05946336366230396 0.01112711046215978 0.039998508508637495 -0.0005419529014947976 0.0003939562947306908 0.006543160461978396 0.0007921791813784605 -0.0011527617406683348 0.005176110732259127 
-0.023253573978752388 -0.03328227741904317 0.04 -0.12467839389231047 -0.015181403747979145 0.007376390282982557 -0.05896568290214352 0.010108204998222813 0.04 0.00019012609279645784 0.0002585607555294887 0.007111083183395766 3.477929452446295e-05 -5.996038135493545e-05 0.005293744269261842 
-0.023323470513970098 -0.033611274568444253 0.03999435432430776 -0.11654915274477926 -0.014070790340801654 0.009058547051234397 -0.058833994275259 0.009580341564249754 0.03996986562850074 -0.0015254996402230196 -0.0008989427706571953 0.005207440243898334 0.00042665371540060376 -0.0002497405216158896 0.005 
-0.030640391803814074 -0.034935277865013596 0.03972705703646135 -0.10883614520700337 -0.009430037986357529 0.013317653717237527 -0.05564173776481895 -0.0012226084140655943 0.03994123491338455 0.0014736414543013417 0.00044352970974783203 0.005 -0.000789041767139214 -0.0009395054619394911 0.005219406560235848 
-0.023026577788109473 -0.03326190735750905 0.03998975664659085 -0.13287953458126878 -0.016355716725892 0.0060353354661828425 -0.05924032949205259 0.010406799508248769 0.04 -0.00019216059477783183 0.00034907516120356646 0.0054314767871465825 -9.11998902699921e-05 -0.0003228991567478592 0.005 
-0.01765395646555261 -0.03351024056251075 0.03997211477647986 -0.12618202694292968 -0.020559843434261583 0.006393622073866654 -0.06136313635899646 0.015084560782009279 0.04 -0.00026590358850636664 0.0011173786144784998 0.005 -0.00045990703539148663 0.0005572781212201418 0.0058549846956483 
-0.02258878744355333 -0.033326288978179505 0.04 -0.1306672036924929 -0.01590648468076925 0.00627566090667127 -0.05915415502894881 0.010520670329072059 0.04 -0.00024595261923891776 0.00045166700785030016 0.006936087853739378 -0.00032883245712810445 0.00027556495770947537 0.005 
-0.02320808368724329 -0.033092956346567434 0.0399755849201122 -0.11356353817400631 -0.014469273683316353 0.009612145214808344 -0.05901456666264647 0.010207518302718441 0.03999601540272285 9.014560069900749e-05 0.0002138113635614488 0.005 6.17868988803769e-05 -2.6622006221919888e-05 0.005 
