0.4618704566112132
0.7390667567539019
0.8793063594841606
0.6059970482191385
0.7118805072914876
0.10160407556846227
0.789464988412625
0.8754866622501051
0.3129923569082081
0.11167034489857357
0.09285984631933702
0.08340498809301093
0.7215213228987745
0.6619818474792954
0.16550361915536638
0.7968199115624618
0.6955616773161788
0.6938441240174804
0.6019298946468234
0.10418293043335232
0.5598339655561775
0.8715175063351164
0.4433993454180125
0.7749948055539606
0.1784446239157036
0.7982210084472564
0.6605913353545224
0.7421235139308684
0.15008560281870761
0.47218348964277973
0.3298640444757099
0.10747711178579607
0.21207292797225133
0.8247671136149289
0.6316439112547131
0.898503640783735
0.8166923263258651
0.8351443598692884
0.6419231429083901
0.635856062106742
0.7615201127228667
0.8486772283989283
0.7041415343044106
0.6311570090212971
0.7981443091676189
0.9045192320704235
0.5298731889214257
0.12900046152422828
0.13588783070949073
0.0870519401500758
0.34808678880066857
0.6218067699158213
0.8681702066256406
0.15854649909650198
0.5928161885619635
0.7187909458836356
0.7835325609034145
0.5366241132027644
0.7866708673315316
0.7348784849461973
0.5729312071338073
0.34997406843003187
0.18718255102347595
0.7234261535797345
0.2867051475549841
0.11924912834350042
0.5359137221234781
0.8441351846849785
0.7640748212240213
0.6934725476045734
0.13744619122606214
0.15607309590479856
0.8379820925880799
0.7686688500325853
0.8229187700135943
0.7886309800240684
