0.23766794359221916
0.9443874056525493
0.26638957306238514
0.8699292279488025
0.23160990889578512
0.3003896647679942
0.776790193419945
0.24796273308070643
0.8533737777825267
0.27931740696102036
0.3109134115724677
0.579392876162862
0.22247186914106606
0.5426768800276303
0.2689410492899763
0.2770113949851005
0.28253231055629013
0.9491121980850065
0.8193821963727558
0.24566572577097504
0.2241711074962619
0.2878764198382746
0.2218743031217248
0.9438114165596574
0.22649219967109568
0.2758722853805339
0.7522279953114858
0.2209243131205459
0.3134581768570122
0.8361168307326962
0.9391245260657134
0.9561437407547405
0.22723134248757096
0.23454276017728792
0.23081774036966296
0.3041856931427634
0.9515169613013654
0.2505219873589708
0.4417095598383812
0.3326536203516395
0.2430676801711766
0.2887784907414393
0.23257978101602997
0.6945577444540131
0.5190628985953668
0.23328117123580366
0.2676636972482031
0.5843566039066395
0.4232120431277937
0.9870603363886605
0.9523526279573997
0.9761425958664107
0.38978611343917974
0.5224486302111275
0.22120044371609066
0.23004941649714458
0.2304162610179964
0.26750677710706966
0.4432550891023598
0.2214555110314995
0.6794806140688846
0.9736447578868236
0.7990305910380197
0.4002069965533199
0.23075327963254363
0.3319863731119458
0.3722360552357688
0.3890800208815017
0.752685734980806
0.35949446983937106
0.2343152975712333
0.35602123056421875
0.36618555931257496
