0.8298749511090647
0.13889547473251382
0.7694495965813032
0.16596123768070578
0.848931095440842
0.7163068858876671
0.2376858437101346
0.8052278598687354
0.1728649455657456
0.7479919652389887
0.7016491005977485
0.41250479924893857
0.8898048851885154
0.44751129522337935
0.7650712141643062
0.7516196141008716
0.7428190298381209
0.10130121130666563
0.203267017946684
0.8102858205421917
0.8786821580490528
0.734784936108425
0.893991245753768
0.10616280420637042
0.8669485675234808
0.7535982322886583
0.25720653672680327
0.9046390382688605
0.6982242258658761
0.1917937163754535
0.1186537542544445
0.09849450602890877
0.8640327007039253
0.838547432841254
0.8503573479722696
0.7109414287190587
0.13271231451627094
0.7997378907859031
0.5486758110499285
0.6732104053796962
0.8162331626023638
0.7334692593417681
0.8446184924532457
0.3080263678385745
0.4702218180262671
0.8425968665327056
0.7672573312451385
0.4085029472770459
0.5683949336591673
0.09045212166040686
0.10051637353630825
0.09444883110754107
0.6053591910380922
0.4671251589799097
0.9016154425309514
0.8536786669198131
0.8522378794787548
0.7675905963959762
0.5470051842748755
0.9003949187862542
0.32145546682195375
0.09088281202021824
0.2184811878558815
0.59337063886002
0.8506562102101564
0.674303855308949
0.6251095511498057
0.6061937362766175
0.2578794311569047
0.640125193616778
0.8395232055506183
0.6442892530314969
0.6322661025611274
