1000
2 2464
1
0
2 24985
2 30336
1
2 25287
0
2 23632
1
2 32417
2 448
3 5694 1
0
2 8780
1
0
0
2 8620
0
2 28129
1
2 6983
0
2 14064
2 15316
1
3 6539 0
0
0
2 5103
3 26777 0
3 4729 0
2 13263
2 9983
0
2 27157
2 30995
0
0
2 13062
1
2 216
2 12660
2 21615
1
1
3 7142 0
0
2 27889
3 29212 0
3 18750 0
1
2 18921
3 3260 0
1
2 3376
2 20965
1
0
2 2178
1
0
2 27877
1
0
2 6096
1
2 13787
2 14894
2 28328
1
2 9549
3 21078 1
1
3 26350 1
3 21453 0
2 3411
0
0
2 12536
0
2 2019
3 26369 0
3 27910 0
0
2 204
3 14083 0
3 8735 0
0
0
2 25437
1
2 21135
0
2 12727
3 21593 0
2 25038
2 27022
1
2 27362
1
2 11387
2 12952
3 27845 0
1
2 7516
2 10239
3 22876 2
0
2 2091
0
2 6707
0
2 492
1
2 24164
0
2 29427
1
2 26525
1
2 27059
3 14482 0
3 9791 0
0
0
0
2 422
1
2 22173
3 3568 0
0
0
0
2 3927
0
2 8833
3 14353 0
0
0
2 1138
3 10712 0
2 16590
2 19044
3 4544 0
3 9030 2
0
2 8029
1
2 12705
0
0
2 24654
0
2 788
1
2 16913
1
2 26909
0
2 22272
2 19474
0
2 19224
1
2 15035
3 8736 0
2 27033
3 20576 1
2 28760
1
2 18478
3 20825 2
0
2 25035
1
2 11537
1
0
2 11880
2 3870
3 24109 0
2 496
3 20898 1
0
2 510
0
0
2 14131
0
2 19002
3 14824 0
0
2 9264
1
2 16550
2 1989
3 15248 1
3 5194 1
0
2 8779
0
2 24799
1
2 18750
3 9889 0
0
2 11224
1
2 30187
1
2 27670
3 1153 0
1
0
0
2 15344
1
2 23307
1
0
2 25709
2 21114
1
2 10284
3 4142 1
2 21137
0
0
2 22168
1
0
2 6301
0
2 20104
3 6218 0
2 20422
0
0
2 26645
1
2 9698
1
2 21252
3 17983 0
2 24530
3 3506 1
2 30648
1
3 10523 0
0
2 9005
3 14773 0
2 3915
2 25754
0
2 6424
1
2 25352
2 26728
3 14499 0
1
0
2 6144
1
2 18707
0
0
2 3380
0
2 28195
0
2 20307
1
2 4196
0
2 13246
2 5097
2 16010
3 8149 0
0
0
0
0
2 3160
0
0
2 1643
2 7194
2 14816
2 466
2 5531
1
1
1
0
2 5496
0
0
2 14586
0
2 15347
3 21019 0
2 16135
0
2 17064
2 24474
1
1
2 11611
2 3364
2 30453
3 26235 2
0
2 21513
1
2 4965
1
2 2414
3 25615 0
3 11227 0
3 4199 0
0
2 10325
3 27301 0
0
2 11382
3 3661 0
1
0
2 18900
0
0
2 1366
2 18498
0
2 27320
3 9097 0
0
2 26048
2 20368
3 12317 0
3 31568 0
2 4833
1
1
1
2 26810
0
2 1260
3 4682 0
3 5298 0
2 29987
1
2 2785
0
2 28365
0
0
2 29605
2 27758
3 4881 1
3 19250 0
2 21635
3 7170 1
3 9365 1
2 23662
3 22162 3
1
3 14894 1
3 5556 1
1
1
1
2 12295
2 31235
1
0
2 17228
3 23293 0
2 27703
3 14841 1
1
2 20946
3 22335 0
1
3 27929 0
2 20670
0
0
2 12646
0
2 21560
2 18065
0
2 11737
2 4262
2 21302
0
2 32451
1
2 29133
3 15797 0
0
0
0
0
2 27464
0
2 6534
0
2 18929
3 27870 0
1
2 6710
0
2 21912
3 16494 0
0
0
0
2 5471
2 8004
2 9098
1
2 11805
3 15437 0
2 31442
1
2 6022
2 2887
1
1
2 10269
3 21707 2
3 22182 2
1
1
2 15183
1
2 21021
3 1244 0
1
2 11290
2 14404
0
2 26191
0
2 30453
1
2 20109
0
2 29832
3 21862 0
1
2 22404
2 3611
3 10423 1
2 12088
0
2 18177
1
2 17069
1
0
2 7514
2 3223
0
0
0
0
2 31570
1
2 11415
1
2 25527
1
2 6439
1
0
2 26342
0
2 19205
2 19972
1
1
0
2 24902
0
2 8099
2 22668
0
2 29205
0
0
0
2 11710
1
0
2 28321
2 1578
1
1
2 29304
3 13440 0
1
2 2907
1
2 7373
3 27667 0
0
2 30380
2 8396
0
2 14823
1
0
2 15232
0
2 1512
2 22730
3 208 0
0
0
2 31781
3 12244 0
2 15174
2 2853
2 27229
1
0
2 21536
3 21404 0
0
0
2 6685
2 32730
1
1
2 9841
1
0
2 15355
3 9558 0
2 32301
1
1
2 17742
3 3733 0
0
0
2 31288
2 6741
1
0
2 26688
2 14336
1
3 2221 0
2 30807
3 8197 0
2 2387
2 9145
2 26032
2 11087
3 3418 2
0
2 4414
3 8923 0
0
2 21265
0
0
0
2 22483
0
2 26251
3 16203 0
3 8573 0
2 24926
0
0
2 18063
2 14302
1
0
2 26967
1
2 22006
0
2 21595
3 11019 0
3 23951 0
1
0
2 21600
1
2 21554
1
2 7173
1
0
2 1142
3 3129 0
0
2 25262
1
2 28781
1
2 25242
3 23807 0
1
2 23453
0
2 27381
0
2 18743
3 15700 0
3 29010 0
0
0
0
0
2 6336
1
0
2 21212
2 22852
0
0
2 8227
3 20430 0
3 32142 0
0
0
2 25228
0
2 17017
2 12839
2 13821
1
3 25533 1
1
2 16816
3 29331 1
1
0
2 22173
0
2 26149
1
0
0
0
2 29021
0
2 7335
2 20854
0
2 26685
2 12325
1
1
2 19069
0
0
2 26859
1
2 14320
1
2 24099
3 12556 0
1
0
2 16873
2 21999
3 24820 1
3 17748 1
3 3768 0
2 32407
3 31137 2
0
2 7072
0
2 16607
0
2 4025
0
2 27901
2 7781
2 3599
0
0
2 7247
3 14369 0
2 29683
2 3835
2 10412
2 3626
2 22625
2 32766
0
2 7097
2 31208
1
2 19590
1
2 15915
0
2 870
0
2 19324
0
2 2013
1
2 30628
0
2 4369
2 6654
3 17660 1
2 11672
0
2 774
3 17207 0
2 30828
2 14279
2 18635
1
1
0
2 6135
3 17546 0
3 28204 0
2 27757
3 20776 1
1
0
2 20858
0
0
0
0
2 22945
1
2 19141
0
2 23537
0
2 13008
1
0
2 14922
1
2 6618
0
2 29545
2 1835
1
0
2 23327
0
2 27164
0
2 29426
3 6263 0
3 16537 0
2 24500
0
2 968
1
2 19148
2 20157
1
2 22837
1
1
0
2 13603
3 8923 0
2 8947
2 11015
1
2 28424
2 20854
1
3 25013 1
1
3 6333 0
2 1376
0
2 3409
0
2 31456
3 2809 0
3 17141 0
2 12567
2 30034
2 16710
1
0
0
0
2 2876
0
2 30976
2 14362
2 3941
2 15905
1
1
0
2 170
1
2 18449
3 27602 0
3 5860 0
0
2 25002
0
2 7381
1
2 18822
1
0
2 7138
0
0
0
2 20947
3 15888 0
3 21441 0
3 31756 0
3 31920 0
2 1038
0
0
0
2 32161
1
2 18860
0
2 21914
1
0
2 2557
2 20121
3 11050 0
3 31654 1
2 320
1
2 22081
3 13892 2
3 3844 2
1
3 18620 0
3 6034 1
3 12271 1
2 3170
2 13000
1
1
3 8477 1
2 3624
1
1
0
0
2 13070
2 31356
3 2834 0
0
2 3423
1
2 29283
0
2 24576
0
2 294
2 12364
3 537 0
0
2 762
1
2 29534
0
2 21180
3 12469 0
2 29673
1
2 2891
2 19230
2 487
2 23799
0
2 2118
0
2 29968
0
2 17493
1
2 23037
1
2 25859
3 25925 0
1
2 663
1
2 14902
3 6377 0
1
2 10127
0
2 16648
3 25186 0
1
0
2 5673
0
2 2381
2 7577
0
0
2 20225
0
0
0
0
2 31752
1
2 6161
2 25147
0
2 21227
3 22887 0
2 28777
1
2 14667
2 26534
1
3 29929 1
0
2 23748
2 4501
0
2 13305
0
0
2 16860
2 11135
3 14705 1
1
3 30748 0
1
0
2 21800
1
2 13578
0
0
2 28432
1
2 14875
3 20222 0
1
2 32429
3 26324 0
0
2 3155
1
2 24247
2 15041
0
2 20785
1
2 31850
1
0
2 26924
0
2 30127
0
2 25016
3 31497 0
1
2 10503
2 6675
2 4193
1
2 14408
2 24921
0
2 3208
2 22118
2 4500
0
2 17850
3 29317 0
3 499 0
2 6692
