10000
2 10599
3 14020 0
1
2 16267
3 22920 0
1
2 26229
0
0
2 10761
0
2 15179
1
2 8715
0
2 18260
3 7101 0
3 21650 0
2 29684
0
0
2 21792
3 20448 0
0
2 13137
2 16592
2 8213
3 31386 1
0
2 649
2 21113
1
1
2 29238
0
2 10063
1
2 32349
0
2 17268
1
2 28132
1
2 1673
3 29078 0
3 24833 0
1
2 5524
2 3622
2 29432
2 29165
3 28990 2
3 17291 0
0
0
0
2 17870
1
2 18350
0
2 3290
3 32367 0
3 18578 0
0
0
0
2 12378
3 1104 0
0
2 16359
2 9622
1
0
2 16885
3 117 0
3 23077 0
0
0
2 28136
3 18674 0
0
2 1164
0
0
2 17324
2 30232
0
2 9391
2 27976
1
1
2 25367
2 18647
1
1
2 19055
0
2 641
2 22267
2 22143
1
1
0
2 16573
0
2 22181
1
2 19862
0
2 17632
1
0
2 11902
1
2 10943
0
2 9410
0
2 229
1
2 8780
3 12490 0
3 20363 0
2 20612
0
2 5345
2 31921
1
3 24861 0
0
2 9983
1
2 21707
2 4549
3 358 1
2 21437
2 20259
3 31990 0
1
3 25167 2
0
2 14761
2 18901
2 28994
3 13015 0
0
2 32315
2 10515
3 4398 1
2 32196
0
2 30948
2 28872
2 18807
1
1
2 7360
0
2 8944
0
2 7872
0
2 344
2 24060
0
2 14330
2 645
3 20140 1
3 26607 0
1
3 11906 0
3 31448 0
1
2 195
1
2 13351
2 23256
1
0
2 25283
2 11955
0
2 11267
1
2 4823
1
2 1411
1
2 4930
0
2 17307
2 13114
1
3 31851 0
2 8945
2 25814
1
2 15077
3 22248 1
1
1
3 16904 0
3 3619 0
1
2 7195
3 27357 0
0
2 26408
2 38
0
2 5056
0
0
2 1756
2 20343
0
2 29248
0
2 26486
0
2 7491
2 3036
1
0
2 9530
0
2 2338
3 1341 0
3 6443 0
2 16074
1
3 15937 0
1
2 12352
2 7714
2 30680
0
0
2 31445
2 24264
2 13456
1
2 14234
0
2 12121
2 23280
3 5442 0
3 14342 0
1
0
0
0
2 4555
2 7334
2 10346
2 2419
2 871
3 29588 4
1
2 11884
1
0
0
2 24390
2 756
2 1575
0
2 9124
3 23365 0
1
2 23410
1
2 16035
2 9252
1
2 25504
2 5885
1
2 28045
2 3389
2 16178
2 24171
3 3591 1
3 12921 2
1
1
0
0
2 29223
3 6451 0
3 12910 0
3 19497 0
2 17429
2 4219
3 11453 1
1
0
2 15518
2 8555
2 12670
3 23631 1
3 8226 0
2 26809
2 30923
1
0
2 16121
3 29097 0
3 20407 0
1
2 25006
3 11505 0
0
2 13583
1
2 13184
3 23852 0
1
2 3158
2 26116
2 5000
1
3 9548 0
2 27798
1
2 16843
3 19573 0
3 14663 0
1
0
2 21811
3 14705 0
1
0
2 22083
3 24207 0
3 15437 0
3 12720 0
3 32617 0
1
2 12855
0
2 19634
2 17244
3 26978 1
3 26705 0
0
0
0
0
0
0
2 29938
1
0
0
2 9671
2 18105
3 18007 0
0
2 16272
0
2 21193
1
2 28760
3 10645 0
3 21764 0
2 21274
1
1
2 3752
1
0
2 9357
1
2 31042
1
2 8571
0
2 23806
1
0
0
2 6202
0
2 30934
0
2 17815
3 8363 0
3 27475 0
2 18422
2 16972
3 14615 2
1
0
2 779
3 2725 0
1
2 31944
1
2 28187
1
2 29203
0
0
2 27191
2 6183
0
2 785
3 2130 0
1
2 27543
2 2891
0
0
0
2 32145
2 9647
3 22906 1
0
2 23624
1
0
2 28967
2 2615
3 25641 0
3 13079 1
3 16252 0
1
1
2 20987
2 18775
1
3 12896 0
1
0
2 9452
0
2 6223
1
0
2 24041
2 6771
3 24853 1
1
1
0
2 22292
3 2744 0
0
2 18246
1
2 25204
2 1853
1
1
2 24819
3 32106 0
2 9967
1
1
0
2 9759
0
0
2 23675
0
2 7835
3 9973 0
0
2 9699
1
2 19984
1
2 22926
2 6205
2 10235
1
3 17162 0
1
2 18304
0
2 5195
0
2 10250
0
2 752
1
2 12080
3 13698 0
0
2 24123
2 28221
0
2 18952
2 30187
0
2 18312
0
0
2 16968
1
2 4553
2 26276
0
0
0
0
2 31876
0
2 22481
3 21363 0
1
2 15793
0
0
2 4114
0
0
2 28762
1
0
2 15621
2 12851
1
1
2 17718
3 28709 0
3 17981 0
0
2 24806
1
2 9694
2 31228
1
2 24345
3 26501 0
2 21453
2 31915
1
2 28864
3 25983 1
0
0
2 7768
1
0
0
0
2 7800
3 13720 0
3 3014 0
0
2 23280
0
2 10255
2 11146
2 9272
1
1
1
2 8155
0
2 26755
2 15354
3 6137 1
1
2 15463
1
1
0
2 14056
1
2 9325
2 32267
2 6851
2 13625
1
2 5976
2 27472
0
0
2 18097
1
2 32566
0
0
2 15399
2 28999
1
1
2 3244
0
2 15104
2 18592
1
1
2 2324
1
0
2 25768
2 17550
0
0
2 17014
0
0
2 24475
0
2 16667
1
2 6179
3 17849 0
2 5300
3 19210 0
0
2 13380
2 26890
2 21106
2 8612
1
0
2 21546
0
2 21915
2 9332
1
2 21412
3 8879 1
0
2 3374
3 14150 0
1
2 27156
1
2 30965
1
2 29543
2 28018
0
2 11481
2 29471
1
1
2 27227
3 16235 0
1
2 22653
3 5233 0
3 10819 0
3 13184 0
3 27609 0
2 247
2 11963
1
0
2 23085
1
0
0
2 3897
1
2 10584
3 22623 0
1
2 7568
0
2 22206
1
2 2030
1
2 27875
2 22720
3 23315 1
3 13350 0
0
0
2 20395
1
2 18293
2 16074
1
3 16126 0
2 17585
2 12336
1
1
3 5991 0
1
2 8048
0
2 17306
0
0
0
2 21146
2 10085
1
3 18360 0
3 19137 0
3 7745 0
1
2 29478
0
0
2 29340
0
0
2 11335
2 29321
1
3 31944 0
0
2 11587
0
2 9208
1
2 6953
2 13185
2 32206
2 1510
2 11187
2 3828
3 4010 2
0
2 15637
3 5988 0
3 24828 0
2 11133
0
2 2006
3 2887 0
0
0
2 5205
1
0
0
2 19046
1
2 18954
2 17144
0
2 19770
2 9552
1
1
0
2 24794
2 12222
1
1
2 26714
2 12980
1
1
2 7131
1
2 29507
1
2 13464
3 27151 0
0
2 10529
2 28546
2 28598
3 2595 2
3 15939 1
2 30822
0
2 1830
1
2 11745
3 4023 0
3 12272 0
3 16 0
2 4357
2 5309
1
2 23747
1
0
2 27128
0
2 5895
1
2 4891
0
2 4853
2 32455
3 15896 1
2 12435
0
0
2 27549
0
2 18946
2 2411
1
3 17293 0
2 24544
3 25 0
3 8840 1
1
0
0
0
2 11097
3 31328 0
3 30577 0
2 31313
0
2 23374
2 16467
1
1
0
2 4430
1
2 8321
1
2 4958
1
2 20399
3 3107 0
0
0
2 30481
0
2 19122
1
2 16514
0
2 21954
3 3251 0
0
2 10007
0
2 18519
3 14875 0
3 32582 0
0
2 5118
3 12167 0
3 4906 0
2 17420
2 10683
1
3 27297 0
2 22072
2 22044
0
2 19139
2 17900
0
2 25012
3 20266 0
3 10165 0
2 17344
3 12642 0
0
2 28750
2 12943
0
2 20626
3 22165 0
0
2 22679
3 31904 0
0
0
2 24084
1
2 11761
1
2 12345
1
0
2 5867
1
2 22783
3 10060 0
0
0
2 9919
0
2 775
2 279
3 14907 1
1
3 25217 0
2 27650
2 29546
0
2 3617
0
0
2 7462
3 22951 0
0
2 3792
0
0
2 22351
2 31829
1
3 26603 0
2 21495
2 32600
0
2 25545
3 2833 0
2 21121
0
2 19170
0
0
2 13518
1
0
2 18386
1
2 225
3 27391 0
0
2 5339
2 7491
1
2 13477
0
2 16807
1
2 6886
0
0
0
2 19871
1
2 32509
1
2 6726
3 18326 0
2 30597
3 23857 0
0
2 16679
1
2 13474
3 4358 0
2 14866
2 20208
0
2 12190
1
2 32668
3 1287 0
3 10756 0
2 7774
3 16521 0
0
2 13037
1
2 8888
3 608 0
0
2 26200
2 18222
3 3750 0
1
2 5644
3 6289 0
3 27206 0
2 7584
0
0
0
0
2 6057
0
2 27479
1
2 8708
2 8345
0
2 4953
2 29163
0
2 2645
1
2 1011
3 7186 0
2 25310
1
2 13918
0
2 3235
0
0
2 21379
3 11670 0
2 13810
2 27145
2 6447
1
0
0
0
2 25679
2 10540
1
2 31442
0
2 11383
3 1804 0
2 16178
1
0
2 19440
3 26857 0
2 7840
1
3 28892 0
3 13128 0
2 8654
3 717 0
0
2 22084
0
2 14126
2 13353
3 2893 0
3 9624 0
2 6812
1
3 31132 0
2 2393
3 29425 2
3 3313 0
3 31683 0
0
2 18800
0
2 23782
1
2 1327
2 14548
0
0
2 5557
1
2 18692
1
2 11821
2 19556
1
1
2 20577
0
2 8009
2 25534
3 22962 0
3 20696 1
1
3 673 0
3 24701 0
2 9180
1
0
0
2 19447
0
2 26554
1
2 28280
3 16421 0
0
2 32653
3 4411 0
3 25093 0
1
0
2 21847
3 30018 0
0
2 16606
0
2 25221
0
2 23606
1
2 29074
1
0
0
2 27655
3 18700 0
3 20770 0
1
2 3165
0
2 1340
1
2 25283
2 104
0
0
2 29993
2 6708
2 365
3 8045 1
1
0
0
2 1758
0
2 21222
0
2 16382
3 18707 0
2 30457
0
2 27463
1
2 10075
1
0
2 22911
1
0
0
2 20807
1
0
2 7386
3 31242 0
0
2 4563
1
0
2 22678
2 24270
2 21409
0
0
0
2 5767
3 12169 0
1
0
2 4784
2 6067
1
0
2 10731
3 18750 0
3 6346 0
1
2 23074
3 28493 0
2 11474
0
0
0
0
0
2 17471
3 12960 0
0
0
2 11830
0
2 3626
0
2 735
3 25446 0
0
0
2 31692
1
2 583
2 16597
3 14397 0
1
3 7993 0
3 13866 0
2 6085
1
0
2 1536
2 17661
3 30117 0
0
0
2 30237
3 7402 0
3 14714 0
2 28775
0
2 1196
2 4398
0
2 25166
2 11903
2 6326
1
1
0
2 30606
1
2 14248
2 16455
2 5724
1
3 12109 0
2 26181
3 13039 1
0
2 20194
3 27026 0
1
0
2 19691
3 10082 0
1
2 10030
0
2 192
1
0
2 31045
1
2 14591
3 1239 0
2 9154
3 9905 0
0
2 28752
1
2 6380
0
0
2 6343
0
0
0
2 12436
0
2 26288
3 11200 0
2 17836
1
3 5593 0
2 32542
2 1597
3 23023 1
0
2 25013
1
0
2 27547
0
2 943
1
2 22964
3 27324 0
3 24245 0
1
2 25204
3 7667 0
0
2 21941
0
2 2042
3 12212 0
2 28420
3 24493 0
0
2 16833
2 13118
0
2 13974
1
0
2 26380
3 1928 0
1
2 9676
3 23556 0
0
2 25551
3 19536 0
1
2 18492
3 23531 0
1
2 11767
2 8118
2 16402
3 28358 2
1
2 9432
3 25128 1
1
3 24615 0
1
3 14797 0
2 22168
2 10772
0
2 4842
1
2 9851
0
2 16103
3 8725 0
0
2 32640
2 3126
3 8472 0
1
0
2 101
2 21942
3 7009 1
3 10285 1
2 10053
2 21181
0
0
2 28413
2 486
2 31797
2 10366
2 5445
3 14480 4
3 25315 4
2 28423
0
0
2 27325
1
2 28687
3 9940 0
0
0
2 13707
2 25068
1
0
2 10445
2 26869
1
1
2 7304
3 31693 0
3 29269 0
2 32068
0
2 15963
3 10728 0
3 15005 0
2 1841
2 4347
3 25376 1
2 3750
3 1334 0
3 27037 0
1
1
0
2 8850
3 26466 0
2 7457
2 12552
3 6917 1
0
2 16303
2 7984
0
2 19780
2 22611
0
2 577
2 30383
0
2 20530
1
2 5152
2 13333
0
2 24993
3 9504 0
3 7102 0
0
2 8563
0
2 12846
1
2 27571
2 17723
3 23624 0
1
3 1350 0
3 3484 0
3 30108 0
1
2 10041
1
0
2 24463
1
2 12972
1
2 21418
3 9110 0
2 24678
2 32129
3 3117 1
1
1
1
0
2 6745
3 6908 0
2 2907
0
2 5099
0
2 24627
1
2 30167
1
2 18304
1
0
2 15914
2 909
2 2529
2 49
3 17336 3
3 5404 0
1
1
2 29569
3 26797 1
2 5372
0
2 31259
3 825 0
2 1772
2 27939
0
2 23390
1
2 25650
0
2 1997
2 720
0
0
2 17395
3 6904 0
1
2 26290
3 18392 0
3 18097 0
1
2 6897
1
0
2 30669
1
2 25922
3 8752 0
1
2 15157
1
2 17379
1
2 29289
1
2 21524
0
0
0
2 29365
0
0
2 2069
3 17069 0
3 4849 0
1
2 6398
1
2 14069
0
0
0
2 11951
0
2 20986
3 31944 0
3 3468 0
0
2 20464
3 19335 0
1
0
2 12528
0
2 32494
0
2 3355
2 27339
3 26104 0
2 10928
3 18645 1
2 26767
3 4796 1
3 1980 3
0
2 21655
0
2 4633
0
2 24212
2 19350
0
2 12232
2 22361
0
2 25829
3 27415 0
1
0
2 23384
2 14877
2 14576
2 17389
2 27011
0
2 7847
2 11387
1
1
2 15957
2 11025
0
2 13829
1
2 12619
0
0
2 1631
1
2 13699
0
0
2 5596
1
0
2 29728
3 21476 0
0
2 18297
3 12340 0
2 16875
2 27046
1
0
0
2 11488
0
0
2 23851
0
0
2 13256
1
2 15132
2 30071
1
2 5902
1
2 6540
2 20210
2 28218
1
3 5871 1
0
2 31902
0
2 4184
2 1472
1
2 2718
3 856 0
3 29711 0
1
2 5451
0
2 23697
2 4913
2 6256
0
2 10893
2 26928
2 4312
3 28302 0
3 2084 2
1
1
1
2 11370
2 32615
0
0
2 13070
1
2 22746
0
2 9952
2 21691
0
2 8933
3 19982 0
0
0
2 27423
2 1967
3 29561 0
2 5298
1
2 15709
0
2 3631
2 16389
0
2 9264
1
0
2 15196
0
2 22774
0
2 28782
2 31880
0
2 30717
2 26876
0
2 5385
1
2 16899
1
2 28437
2 31609
1
2 8194
1
2 32750
1
2 16508
2 4617
3 4445 0
0
0
2 28990
0
2 27775
3 581 0
3 14546 0
1
2 6419
0
0
2 24416
2 20242
2 31261
0
2 23231
2 10086
0
2 9795
0
0
2 8859
3 27676 0
3 24187 0
0
0
2 19910
3 5261 0
2 71
3 21535 1
3 31956 0
3 24825 0
1
0
2 2185
3 30031 0
0
2 27975
0
0
0
2 14929
3 20295 0
1
2 11780
0
0
2 32293
2 4955
1
0
2 25426
2 12318
3 30101 0
1
2 10849
2 16000
0
2 10559
0
2 25501
3 4877 0
3 27339 0
2 14574
3 25916 0
2 4135
2 15227
2 2004
0
0
2 3792
2 27580
1
3 29598 0
3 17357 0
1
0
2 1321
3 20680 0
0
2 27825
2 11891
0
2 2905
0
2 29058
1
0
0
2 22946
1
2 11242
1
0
2 27193
2 19086
1
3 24301 0
3 10669 0
0
2 16074
0
2 30908
1
2 18843
1
2 5752
3 28614 0
0
0
2 2160
2 28278
0
2 18752
1
2 26148
1
2 21913
2 26564
3 11072 1
3 32708 1
2 23542
2 9002
0
2 6498
3 3500 0
1
0
0
0
2 28180
2 7714
0
2 6990
2 21567
2 13430
3 12275 2
3 16091 0
1
2 24112
3 5598 2
0
0
2 8174
0
2 31169
1
2 9149
0
2 20686
0
2 31490
1
0
2 8813
1
2 346
3 12109 0
3 24807 0
0
2 16315
1
0
0
2 3314
0
2 29035
3 17537 0
3 5813 0
1
2 150
0
0
2 28495
0
2 13089
3 3041 0
0
2 31214
0
0
0
2 28244
0
0
2 14529
3 31987 0
2 31982
0
2 23428
1
2 11753
1
2 9283
2 18076
1
2 9305
3 3436 0
1
3 23345 0
0
0
2 4788
2 4876
0
2 26940
0
2 16278
1
2 2996
3 19953 0
1
2 26067
2 541
1
3 1443 0
3 27016 0
2 22932
1
1
2 8200
1
2 4138
1
2 7283
1
2 8928
1
2 32162
1
2 2998
0
2 31275
3 27173 0
2 8542
2 29462
3 8233 1
0
2 17065
3 31873 0
1
2 29841
2 15586
3 28649 0
2 12903
3 12299 2
2 17497
0
2 32491
2 22415
3 16335 0
3 28633 1
0
0
2 2717
0
2 6898
1
2 18630
2 12561
1
3 11834 0
0
2 16549
2 29458
1
3 29423 0
0
2 27188
1
2 23916
2 27203
1
1
2 18764
0
0
2 29045
2 26372
0
2 15687
2 26628
2 26304
2 26269
2 19281
0
2 13224
1
2 7094
0
2 3860
1
2 1525
0
2 12278
1
0
2 30385
3 24368 0
1
0
2 31403
2 31828
0
0
2 309
3 28921 0
3 16630 0
0
2 2700
3 25280 0
3 10108 0
2 19756
0
2 21740
2 5685
0
2 5888
1
0
2 22363
2 3703
1
0
0
2 9670
0
2 19773
0
2 1978
1
2 2667
3 28462 0
3 13861 0
2 6163
3 31259 0
1
0
0
0
2 21074
3 10390 0
3 23013 0
1
0
2 25788
1
0
2 19356
3 27703 0
2 954
0
0
0
2 28722
1
2 7838
2 11345
0
0
2 30351
2 11937
3 19701 0
0
2 26217
2 11807
0
2 21503
3 23804 0
1
2 23691
3 24292 0
3 23168 0
3 805 0
2 29591
1
1
0
2 28618
3 15514 0
3 5117 0
0
2 26711
3 10888 0
1
0
2 29097
2 22799
3 20213 0
1
2 4780
2 10827
3 18690 0
2 26407
2 7754
2 31654
3 31086 2
0
2 31674
2 1452
2 27200
2 30152
0
2 30727
1
2 18072
0
2 20367
1
2 16075
0
2 27215
2 32233
2 4951
0
2 27728
0
2 18463
3 20637 0
0
2 17360
0
2 16799
0
2 13146
1
0
2 4521
2 16665
3 9232 1
0
2 477
2 18873
0
0
2 1592
2 21675
2 2609
2 14252
3 6570 2
1
2 405
0
2 22142
1
2 5089
0
2 13871
3 25076 0
3 10905 0
0
2 27208
0
2 19248
1
2 25520
0
0
2 25915
2 13116
0
2 3829
0
2 6713
2 13599
1
1
0
2 26106
0
2 1812
0
2 12132
2 1727
0
2 12257
1
2 23922
2 6538
3 17007 0
2 13909
1
3 2837 0
2 30795
3 30213 2
2 10869
3 23592 3
3 3296 3
0
2 10501
3 28013 0
1
0
0
2 25860
0
2 11664
0
2 2834
1
0
2 1102
3 23919 0
2 11519
2 20088
0
2 519
1
2 6136
3 12959 0
3 25255 0
1
2 12399
3 17450 0
0
2 2755
1
0
0
2 8017
2 23180
1
3 13019 0
0
0
0
2 7019
2 24223
2 6038
3 7281 0
1
3 32428 1
0
2 19248
0
2 6390
1
2 18036
1
2 6887
0
2 8555
3 17411 0
1
0
2 5844
0
2 13350
0
2 29629
3 29086 0
2 7075
0
2 5537
0
0
0
2 32360
2 14375
1
1
2 4152
0
0
2 27479
1
2 16595
3 11576 0
0
2 25616
1
2 5296
1
2 24253
2 30556
0
2 14101
0
2 25513
2 8048
2 858
2 7843
1
3 19488 0
3 32191 2
0
2 31533
0
0
2 2589
2 9577
1
2 5188
1
1
2 30979
0
2 947
3 27157 0
2 29590
3 27693 1
1
1
2 11228
1
2 31875
0
0
0
2 12687
0
2 14372
3 24848 0
3 7915 0
3 32041 0
3 9248 0
1
2 18345
1
2 16380
1
2 13942
1
2 20620
1
2 10893
2 6692
1
2 31384
0
2 24090
2 22904
0
2 7142
2 1369
1
1
2 16131
3 7856 0
1
2 20951
1
2 21008
2 23919
2 25169
0
0
2 9826
3 8392 0
2 24630
2 28999
0
2 28033
2 11957
2 6434
2 29092
2 28853
1
3 9148 3
0
2 23019
0
2 10438
1
2 20254
0
2 10880
0
2 26063
0
2 17041
2 3825
1
2 24402
2 14269
1
2 31986
3 14500 1
0
2 7189
2 13602
3 31357 0
0
2 31807
2 22964
1
1
2 10284
1
2 7616
3 29170 0
1
0
0
2 1991
3 24830 0
2 6053
2 16326
3 27779 2
2 9905
1
1
3 1804 0
2 22841
1
0
2 5174
1
2 5876
3 23084 0
2 30067
3 14203 0
1
1
2 31822
2 11478
0
2 23448
3 18292 0
1
2 22735
0
2 4514
1
2 31305
0
2 12471
0
0
0
0
2 4384
0
2 5755
1
2 24235
2 5954
0
2 26654
1
2 11499
0
2 2375
2 25702
3 10925 1
3 4877 1
1
2 4416
2 1565
3 17844 2
1
3 11040 0
1
1
2 14109
3 21845 0
3 30312 0
1
2 21765
3 9914 0
1
2 22456
2 10385
0
2 6684
2 22483
2 321
2 27217
0
2 20157
0
2 32628
2 444
1
2 20942
2 12741
1
0
0
2 30477
3 1285 0
1
0
2 21785
0
2 13880
2 21684
2 29297
3 1987 2
2 30614
2 31187
3 26217 0
0
2 11188
0
0
2 16286
2 27894
3 8262 0
1
0
2 19194
2 10275
3 32408 0
0
2 6579
2 2167
3 4499 1
2 7825
2 8624
1
0
2 12077
3 16179 0
3 28810 0
1
2 26035
2 8456
2 24987
0
0
2 3013
1
2 17934
3 5685 0
1
2 23070
2 27621
2 10728
1
2 11599
3 19121 2
2 26769
2 25075
2 5022
1
1
0
2 17743
0
0
2 26281
1
2 31363
0
2 26138
2 24093
1
1
0
2 164
0
2 14988
1
0
2 22324
0
2 19152
0
0
2 6259
2 18371
2 6098
2 20752
2 5879
0
2 18227
1
2 11292
1
2 16341
2 6660
3 627 0
2 31666
1
0
2 7902
2 32178
2 11720
1
2 18026
3 30970 0
0
0
2 2747
0
2 16147
3 26017 0
3 6582 0
1
0
2 11315
3 14306 0
1
2 27715
0
2 23893
0
2 30104
0
0
2 28694
0
2 5719
1
0
2 13426
1
2 8061
0
2 12041
1
2 30239
3 6975 0
1
2 5818
1
2 24322
3 32293 0
3 15333 0
3 4464 0
2 29438
0
0
0
2 14325
3 20081 0
1
2 3165
3 4152 0
2 29070
0
2 12902
1
0
2 21108
0
2 31231
3 17657 0
0
0
0
2 7649
1
2 22630
0
0
2 31050
2 13577
2 7068
0
0
2 12226
2 24767
2 27741
3 2425 1
3 1191 1
3 31185 1
0
2 7326
1
2 8117
2 11273
1
2 22708
2 26918
0
2 10381
1
0
2 23402
3 7130 0
2 24784
1
1
0
0
2 13206
1
2 31669
3 12920 0
1
2 28474
3 9776 0
2 10845
2 30437
1
3 3047 0
1
2 20432
0
2 2507
3 5090 0
3 13944 0
2 10788
3 16249 1
0
2 22959
3 26660 0
0
0
2 12342
3 20857 0
3 25623 0
1
2 13310
1
2 24067
0
2 17719
2 15260
1
0
2 27699
1
0
2 15136
3 10806 0
1
2 28344
3 2088 0
1
2 28376
0
0
0
2 13559
2 27629
1
0
2 13967
2 5065
2 4270
1
0
2 4765
1
0
2 30107
0
2 2348
2 10209
1
0
0
2 24703
3 18017 0
0
2 23790
3 22153 0
3 5676 0
3 26655 0
2 4087
3 31028 1
3 29927 0
1
1
2 26721
3 13127 0
1
2 14572
0
2 7273
0
2 2186
2 1650
2 9636
0
2 3669
3 32173 0
1
2 20584
3 11472 0
1
0
2 26575
0
2 31630
0
2 13166
2 581
2 24306
3 27960 0
0
2 13536
2 13441
2 30855
2 16291
1
3 19220 1
2 23866
2 6528
1
3 13239 2
1
2 16326
3 11275 2
3 4039 0
0
2 11020
3 32350 0
1
2 8302
0
2 27802
0
0
2 5892
1
2 13514
1
2 29321
0
2 26435
1
2 9643
1
2 22743
1
2 6830
2 15668
2 7608
1
3 27637 0
2 31473
1
3 26877 0
0
0
2 1269
2 22579
0
2 28916
2 15879
1
3 21878 0
1
2 12111
1
2 17137
0
2 24776
1
2 4499
0
2 23678
3 7565 0
0
2 14197
0
2 19762
2 20119
3 24332 1
1
0
2 10632
2 5352
2 25333
1
1
3 972 0
0
0
2 31575
1
2 20220
3 8033 0
0
2 7312
2 13610
2 2442
2 11761
3 9687 0
1
3 6596 0
1
0
0
2 3604
3 36 0
0
0
0
2 2067
2 26606
1
2 26795
3 31603 1
3 25353 0
3 516 1
0
0
2 16933
0
2 11924
1
2 16026
2 11814
3 7662 0
3 24389 0
2 28000
3 16892 1
0
2 13337
0
0
0
2 24159
3 25226 0
1
0
2 21825
3 14219 0
0
2 1941
3 29027 0
2 27027
0
2 27399
2 12388
2 5867
3 23747 1
0
2 28623
2 32379
0
2 15390
1
2 24079
3 25550 0
3 17135 0
1
2 19668
0
0
2 15214
3 21379 0
3 12310 0
0
2 8890
3 29116 0
2 6014
0
0
2 21206
3 3423 0
3 31234 0
3 24019 0
2 2402
2 27335
1
0
2 16143
2 20474
0
2 6684
3 26545 0
3 28930 0
0
2 3752
0
2 23595
3 1606 0
0
2 2377
0
2 10384
1
2 29301
1
2 19981
2 13874
0
2 4805
3 4125 0
1
0
2 16031
2 18671
0
2 28653
2 14933
1
2 14925
3 30241 0
2 4484
3 32595 2
3 9057 1
0
2 25684
1
2 12069
3 22759 0
2 26785
3 19377 1
1
2 11541
2 25213
2 6947
0
2 3219
3 6230 0
1
2 25710
0
2 14956
3 16664 0
0
2 9751
2 3061
3 30161 0
3 2751 0
1
3 4494 0
2 20683
0
2 27784
1
0
0
2 32006
3 15097 0
1
2 6998
2 14356
0
2 12421
3 12886 0
0
2 12724
0
2 18187
3 6648 0
1
0
2 23530
2 14281
0
2 2559
1
2 26394
1
2 28158
3 6575 0
1
0
2 22267
2 32428
3 16568 0
1
0
2 831
2 3507
0
2 17568
3 32330 0
3 21289 0
0
2 4466
2 16586
3 21545 1
0
2 17487
1
0
2 7238
2 31136
2 19527
2 26864
3 18507 3
1
2 29036
0
2 25574
3 4666 0
2 23013
1
3 2914 0
3 3442 0
1
0
2 26812
2 19459
3 14036 0
0
2 31066
3 864 0
0
2 29735
1
2 3782
1
0
2 20702
3 32696 0
2 9601
3 17923 1
0
0
2 24278
2 26734
3 20260 1
0
2 27077
0
2 5578
1
2 9979
2 12866
2 30201
3 29132 2
0
2 31056
2 11074
0
0
2 16890
0
0
2 5219
2 18995
3 887 0
2 28902
0
0
2 10946
2 22828
3 2158 0
2 11137
3 11630 2
2 4710
2 7863
1
2 11085
1
2 32260
0
0
2 8756
1
0
2 29092
2 16082
1
2 5700
3 3551 1
1
0
2 8056
0
2 16090
3 19598 0
2 3499
3 21457 1
3 29891 1
2 6592
3 14704 2
1
1
0
2 13903
0
2 15699
0
0
2 11163
1
2 26256
1
2 12215
1
2 16517
0
2 18049
0
0
0
0
2 19815
3 17885 0
2 12010
1
0
2 11292
2 31563
3 15465 0
3 7790 0
2 14950
0
2 20428
0
2 28324
1
2 21507
0
0
0
2 17093
1
2 20352
1
2 12302
3 28423 0
3 5468 0
1
2 7174
2 30999
1
1
0
0
2 13051
1
2 5619
2 29614
2 30291
2 31302
0
2 17980
3 20388 0
3 2999 0
1
2 16018
3 18689 0
2 2494
3 20267 0
0
2 13350
0
2 26260
3 2749 0
1
2 28279
2 14568
0
2 17035
3 29102 0
1
2 10821
1
2 195
1
2 20988
1
2 18475
1
2 18248
0
0
2 6856
3 6626 0
2 25790
2 22443
2 8524
2 31239
0
2 12464
2 3257
3 3292 1
0
2 2969
3 6122 0
0
0
0
2 14028
0
2 27507
1
2 12387
0
2 23654
2 11939
1
3 11105 0
3 29224 0
3 31283 0
0
0
2 652
1
2 8312
1
2 10067
1
2 24168
1
2 4123
0
2 5044
0
2 25109
3 22726 0
1
2 27572
2 11621
3 6856 0
0
0
2 14430
2 15044
3 5218 1
2 18786
3 8605 0
0
2 26158
1
2 20688
0
2 28409
1
2 14548
2 17944
1
1
2 8281
3 2041 0
3 21991 0
2 9741
2 3837
0
2 5259
1
2 6379
2 28409
2 19387
3 22531 2
2 27403
2 10937
0
2 19978
2 19717
1
1
2 31414
1
2 24361
3 12836 0
3 9127 0
0
0
2 10420
3 5920 0
2 28102
1
1
2 22484
2 11861
3 4899 0
3 11920 0
1
2 26785
1
1
2 1821
0
2 32319
1
0
0
2 15630
1
2 30982
0
0
0
2 21409
0
0
0
2 16236
0
0
2 11726
0
0
2 816
1
0
0
2 29321
3 6426 0
3 10583 0
1
2 11125
3 31100 0
2 23190
0
0
2 14941
2 13603
2 9021
3 28091 0
1
2 6746
0
0
2 3517
3 558 0
0
2 21239
0
2 23670
2 10679
0
2 24540
1
2 8781
0
2 14224
0
0
2 2276
3 30741 0
3 25014 0
1
2 11938
0
2 13676
0
2 11986
1
2 19817
0
2 14989
3 7917 0
2 23488
3 30886 0
1
0
2 3696
1
2 16485
3 27708 0
1
0
2 23539
2 21115
0
2 8128
2 18013
1
2 28636
3 19949 1
3 27830 0
3 10806 1
2 14331
3 31513 0
0
2 14992
0
2 15805
2 17204
3 4593 1
2 24638
3 31402 1
0
2 4516
1
2 29531
3 19056 0
0
2 16697
0
2 31705
3 29511 0
0
2 27620
2 18661
3 31875 0
1
0
2 1733
3 15318 0
1
2 20245
3 15245 0
2 31688
3 22072 0
0
2 30026
0
2 24131
2 21371
3 18545 0
0
0
0
0
2 22896
0
2 29824
1
2 20785
2 20344
1
2 7615
2 5051
1
2 496
3 7558 2
2 27301
1
1
0
2 23072
2 25449
1
2 9593
1
0
2 9784
0
2 15077
0
2 3927
1
2 22011
3 1938 0
0
2 1194
3 15093 0
0
0
2 1004
1
2 21080
2 31227
0
2 19966
1
0
0
2 6083
3 2252 0
1
2 16166
3 7037 0
3 15979 0
0
2 9660
1
0
2 2297
3 32586 0
3 17346 0
1
2 28509
0
2 12366
1
2 4250
1
0
0
0
2 14769
3 10407 0
3 18410 0
0
2 23929
1
2 10504
1
2 12249
3 15120 0
1
0
0
2 21189
0
2 9373
1
2 2300
1
0
2 6840
0
2 15764
2 28073
0
2 29331
0
2 25679
3 10915 0
1
2 8611
3 15279 0
0
2 25953
0
2 16384
0
2 208
2 28360
3 14325 1
1
2 21368
1
2 7854
1
3 30527 0
2 7229
3 19966 1
2 15008
3 18202 1
2 8562
1
2 29529
2 7494
3 25518 4
3 9469 4
2 19583
1
3 4283 4
2 3011
0
2 2096
3 16584 0
2 17923
2 27853
0
2 16516
1
0
0
2 5106
1
2 11971
3 18446 0
3 21795 0
1
2 28399
1
0
0
2 9731
3 32426 0
3 3629 0
0
0
0
0
2 10521
1
2 32509
3 29855 0
0
0
2 29483
0
0
0
2 10841
3 18921 0
2 24894
2 1502
3 19887 0
0
0
2 11373
0
2 22878
0
2 15502
1
2 9994
0
2 6256
2 26233
2 2420
0
0
0
0
0
2 22890
3 596 0
3 27759 0
1
0
2 4506
3 7961 0
2 28366
0
2 3020
3 10641 0
2 15347
3 31126 0
1
0
0
0
0
2 20148
3 13104 0
3 19254 0
3 11056 0
2 2545
1
3 12767 0
2 15532
3 32562 0
1
2 24363
0
2 13415
0
2 21763
0
2 10820
2 20028
3 24351 1
0
0
2 22362
2 29775
2 30477
1
3 10099 0
1
2 25915
0
2 6600
0
2 8503
3 30751 0
0
2 12411
0
2 18735
3 11334 0
0
2 21218
3 3021 0
2 4917
2 13342
1
3 19348 0
3 3764 0
0
2 23940
1
2 19902
2 11803
1
1
2 12520
3 3025 0
2 2181
3 23646 1
3 15807 0
2 26162
2 25837
3 29022 2
0
2 29790
1
2 21227
1
2 31814
0
2 28192
1
2 3348
1
0
2 3440
0
2 31774
2 29604
0
2 31218
2 18987
1
3 893 0
3 14532 0
0
0
2 2463
1
2 25882
2 21447
3 19151 0
0
2 23348
2 9122
2 32592
1
3 15045 1
1
0
2 31632
3 4254 0
0
2 24558
0
2 24179
3 11261 0
3 8029 0
0
0
0
2 30777
1
2 20025
0
2 3781
0
2 7222
0
2 4666
2 16152
0
2 14987
1
0
0
0
2 31826
0
2 14314
3 18509 0
1
2 20199
0
2 23203
1
2 5145
1
2 17358
0
2 29883
0
2 639
2 1737
3 29256 1
0
2 10200
1
2 23327
3 11122 0
3 11687 0
1
2 31744
1
2 13700
3 21957 0
0
0
2 25557
1
2 32229
2 20833
1
2 29657
3 29793 1
3 357 1
2 25403
1
0
2 15198
2 16729
3 15662 1
1
2 24547
3 24806 1
3 24153 0
1
1
2 4590
2 20196
3 4721 0
3 6687 1
3 29884 1
2 12537
0
0
2 12195
1
2 7859
0
2 29222
3 8145 0
0
0
2 1605
0
2 29480
0
2 9741
3 3371 0
3 32216 0
3 26203 0
3 14365 0
1
2 31709
1
2 14259
0
2 12114
2 12933
1
0
2 5271
3 17543 0
2 22469
1
3 3544 0
0
0
2 7778
3 31833 0
0
2 23316
2 30724
1
1
2 1160
3 2358 0
0
2 7350
0
2 10730
3 21469 0
2 812
1
3 14948 0
3 4251 0
0
0
2 20375
1
2 6751
0
2 11195
2 3901
0
0
2 17619
0
2 32110
2 7025
0
2 15829
0
2 15223
2 10136
0
2 28233
1
0
2 18271
3 11239 0
2 30486
0
2 16903
1
2 27393
1
2 20551
0
0
2 21284
1
0
2 16741
0
2 31520
2 19785
0
2 30710
0
2 16059
1
2 2936
0
2 2827
1
2 24093
3 20527 0
0
2 1904
3 15798 0
2 29715
2 9018
0
2 21940
1
0
2 18686
0
2 8408
1
2 25836
2 513
1
3 24544 0
3 2563 0
0
2 31046
3 7840 0
3 19519 0
2 20141
2 12326
3 18070 0
3 3788 2
0
2 16087
3 25765 0
0
2 16530
0
2 6775
0
0
2 24223
0
2 11153
3 4775 0
3 28285 0
2 23036
2 16939
1
2 23292
1
3 278 1
1
0
2 7983
2 6281
3 11614 0
3 97 1
3 5139 0
2 6675
3 6363 0
0
2 18599
1
0
2 6320
3 10142 0
0
2 2371
3 12418 0
2 29118
2 16039
1
3 19318 0
0
2 15277
0
2 28855
2 23104
3 30573 0
2 1034
3 27999 0
1
0
2 17484
0
2 23886
0
2 20755
0
2 14045
0
2 20676
3 14824 0
1
2 19886
3 27886 0
3 9799 0
1
2 23414
2 7124
0
2 9616
3 6439 0
2 31697
1
0
2 19293
3 17717 0
0
0
2 19313
0
2 31205
3 10128 0
3 17085 0
3 9338 0
0
2 31261
2 18346
0
2 30681
0
0
2 13897
3 6100 0
0
2 18950
1
0
2 28355
1
2 5350
2 21931
0
2 3358
1
2 30667
1
0
0
2 28205
1
2 25583
3 14852 0
1
2 19276
0
2 18889
1
2 28737
1
2 10158
0
2 23082
0
0
2 11420
2 27255
1
2 11485
3 13937 0
2 16410
3 6404 0
0
2 15675
3 13496 0
1
0
2 22294
0
0
2 864
3 2306 0
3 23897 0
1
2 6165
1
2 12834
3 22029 0
0
2 14256
3 13994 0
0
0
0
2 25000
0
2 6908
1
2 20756
2 17824
1
3 24026 0
1
0
0
0
2 8374
2 17923
3 26074 1
2 13996
2 29855
3 16564 2
1
0
0
0
2 14583
1
0
0
0
2 16663
0
2 26782
0
0
2 2696
1
2 6582
1
2 14100
1
2 9731
1
0
2 1554
2 6142
3 25823 0
1
2 29713
0
0
2 30593
3 4690 0
2 17403
3 20568 1
1
1
0
0
0
2 5943
1
2 35
3 27142 0
0
0
2 23490
3 30634 0
2 27702
3 2195 1
1
3 4316 0
3 6839 0
0
2 24902
3 13127 0
2 27908
1
0
2 26709
0
2 1657
3 30476 0
0
0
2 6453
2 24483
1
2 4834
2 17768
2 7666
1
1
2 31831
2 2455
1
2 1917
0
2 15051
3 17325 0
0
2 2965
2 9633
3 10653 0
1
1
2 23233
3 6953 0
1
2 2518
2 13905
1
2 8827
0
2 28540
2 13645
2 20227
3 32034 2
0
2 24140
1
2 13843
1
2 138
0
2 10633
1
2 402
0
2 19510
0
2 10211
0
2 11960
0
0
0
2 6374
1
2 8407
2 12206
2 4421
1
2 4679
2 27884
0
2 14810
0
2 14186
1
0
2 27647
3 16772 0
2 21842
2 21445
1
1
3 28394 0
3 27368 0
1
2 1270
0
2 22083
0
0
2 16520
1
2 4382
1
0
0
2 10780
1
2 4153
1
2 11030
1
2 22155
3 28649 0
0
2 29719
1
2 14996
2 21258
1
3 3292 0
2 22743
0
0
0
2 15086
1
2 16838
0
2 7118
1
2 32611
2 19386
1
3 9696 0
1
2 22204
3 28093 0
3 2912 0
2 28512
1
2 21254
3 21537 1
2 26426
1
1
2 11841
0
2 8343
3 9135 0
3 5550 0
3 26522 0
0
2 24357
0
2 16772
2 12626
0
2 3218
2 20677
1
2 18849
1
2 32275
1
3 25893 0
2 5985
1
2 2261
1
2 9612
0
2 28177
2 7270
0
2 22668
1
2 32410
2 3769
0
0
2 32505
1
2 18370
3 563 0
0
0
2 9961
3 22550 0
0
2 11027
0
2 19764
1
0
2 25671
0
2 3757
0
2 8440
3 2665 0
2 22177
1
2 8045
1
1
2 32714
0
0
2 21184
3 25599 0
0
2 24426
2 22664
3 22637 0
1
3 9008 0
2 24143
2 13082
2 24882
1
3 28201 1
0
0
2 32383
3 4035 0
1
2 30527
2 26269
2 245
3 15663 0
0
2 18204
1
2 28801
3 1075 0
0
0
2 1921
1
2 11901
2 28979
0
2 13487
0
0
2 20988
2 9048
2 14445
1
1
0
2 29661
0
2 27350
1
2 25630
1
2 28995
3 5472 0
2 13060
3 1456 1
2 23093
2 6715
2 9565
1
1
3 30562 0
1
2 23739
2 8183
1
3 25642 0
1
0
0
2 10797
2 28186
0
0
2 6110
0
2 17834
1
2 30752
3 1042 0
0
2 28103
3 17762 0
3 17865 0
2 922
2 17260
3 20808 0
1
1
3 30327 0
3 22463 0
1
2 8174
0
2 20141
1
2 403
2 27975
3 27112 1
0
2 8108
2 3730
2 24587
3 22218 1
1
2 6620
3 16995 0
3 13054 0
2 9000
3 23276 0
3 7806 1
1
3 4009 1
1
1
2 7070
1
0
2 5210
3 5249 0
1
0
0
2 17489
2 24069
1
3 30955 0
2 27634
0
2 15209
2 29421
2 12717
3 19583 1
2 16230
3 31946 2
0
0
2 1750
3 32316 0
1
2 14691
0
2 2306
2 20287
1
3 32673 0
3 14758 0
0
2 18443
1
2 4424
2 10590
3 10535 0
1
0
2 19517
1
2 8401
2 24367
3 1827 0
0
2 16432
0
0
2 29494
1
2 3833
0
0
2 13895
1
0
2 11512
2 28213
3 28405 1
1
0
0
0
2 28685
3 27408 0
3 3367 0
1
2 3420
2 3884
2 10618
2 21187
0
2 25654
1
0
2 28310
3 3892 0
1
2 29524
2 8816
3 10483 0
3 23345 0
1
2 6366
3 4999 0
3 2886 0
3 24333 1
1
1
2 1761
3 16137 0
1
2 17001
1
2 4562
3 22433 0
3 26474 0
3 12490 0
3 4449 0
1
0
0
2 22385
0
2 516
0
0
2 31152
2 10078
0
2 12775
3 25470 0
3 6823 0
3 21351 0
0
2 30533
0
2 403
0
2 22909
0
2 4392
3 27734 0
1
2 19891
3 4640 0
3 4506 0
3 22666 0
1
0
0
0
2 15124
2 15548
0
0
2 9876
3 3774 0
0
2 20612
0
2 25346
1
2 19271
1
2 30031
1
2 23741
0
2 12482
3 3757 0
2 19237
0
0
0
0
2 23222
1
0
2 4969
3 13256 0
2 30113
0
0
0
2 7674
2 14414
1
1
2 13045
0
2 3130
2 10239
1
3 28836 0
1
2 10856
1
2 32707
0
2 1977
1
2 10271
3 21520 0
3 28419 0
0
2 24691
3 23648 0
1
0
2 32344
0
2 28187
0
2 29009
3 18482 0
3 2613 0
2 31702
3 26881 1
3 29568 1
3 319 0
0
2 5648
1
2 24668
2 27975
3 22693 1
3 30580 1
2 18976
2 6019
3 16911 0
1
3 30679 0
3 28025 1
0
2 13007
3 27263 0
0
2 12262
1
2 14137
1
2 11079
2 30703
2 20174
1
0
2 29693
1
2 24322
0
0
2 10152
3 6096 0
1
2 644
1
2 19295
1
2 30745
3 15554 0
3 2806 0
2 19861
0
0
2 4738
3 25148 0
3 31123 0
3 32539 0
3 2177 0
1
2 5802
2 19686
2 9619
0
2 13609
1
2 25961
2 1513
0
0
0
2 25983
0
2 25887
1
0
2 8443
1
0
0
2 14486
2 12125
3 25355 1
1
0
2 5529
0
0
2 25848
2 20500
0
2 10812
3 28516 0
0
0
2 5467
2 28697
1
3 9260 0
3 10150 0
0
2 6872
2 30631
0
2 13110
1
2 30608
2 19987
1
0
2 12544
0
0
2 26855
3 31431 0
3 22234 0
2 2608
1
2 15115
3 30037 1
1
3 21137 0
2 6065
3 15086 0
1
2 19327
1
2 29778
3 31836 0
1
0
2 5412
0
0
2 26867
0
2 2549
2 13097
1
3 14343 0
1
2 14400
3 778 0
3 12477 0
1
2 7014
2 4310
2 21902
0
0
2 1779
2 13060
2 32606
3 13511 1
1
0
2 31474
3 27033 0
2 30651
1
2 4565
2 17028
2 27877
0
2 31977
3 24847 0
2 15817
1
2 27233
1
2 15359
1
0
2 11062
3 1105 0
2 23715
2 20694
2 11966
3 27999 0
0
2 4275
0
2 4189
0
2 27190
2 6483
3 6284 0
2 30805
3 5350 1
0
2 22241
1
0
0
2 12192
1
2 11597
0
2 31959
2 15932
1
2 26585
1
0
2 18506
0
2 15275
3 21002 0
1
0
2 7713
1
2 23588
1
0
2 14531
1
2 6699
0
2 3551
0
2 3724
0
2 23940
0
2 12080
1
2 26985
1
0
2 22413
0
0
2 29004
2 21318
3 21772 0
0
2 28059
0
0
2 2088
3 31455 0
3 17294 0
1
2 21221
1
2 14614
0
2 19374
2 30776
0
2 22890
0
2 20065
2 9236
2 30049
0
2 4957
2 22042
3 8990 1
1
3 28567 0
3 10621 0
0
0
2 29212
1
0
2 23769
3 10707 0
0
2 8175
3 27317 0
0
2 5211
0
2 13223
2 8783
1
3 22816 0
3 3389 0
0
2 967
3 30910 0
3 12974 0
3 13162 0
2 9436
0
2 9058
1
2 21677
0
2 7885
3 8315 0
0
2 16430
2 18606
0
2 3791
1
2 17328
2 3366
0
2 7183
3 23673 0
3 31879 0
1
2 17679
0
2 14840
3 21932 0
2 15618
3 22168 0
3 7575 1
1
3 15042 0
3 21762 0
0
2 13975
0
0
2 31695
2 10985
2 17132
3 20126 1
2 5476
0
0
2 6106
3 31718 0
1
2 6466
0
2 22763
1
2 11173
0
2 4066
1
0
2 16781
1
2 3675
0
2 22250
2 17674
2 32055
0
2 27091
1
2 25052
3 4760 0
1
0
2 10076
3 26416 0
3 18392 0
0
0
2 19684
1
0
0
2 32179
2 850
0
2 6239
2 31915
1
0
2 23817
2 7478
2 6638
3 31849 2
1
3 13236 1
3 29731 0
1
2 12313
0
0
0
2 4184
0
2 16686
3 28297 0
0
2 7013
2 9781
0
2 28924
3 5592 0
1
2 28290
0
2 4093
2 9527
0
2 19245
0
2 10381
3 21539 0
3 26604 0
2 25628
0
0
2 17770
2 8079
3 29776 1
3 9150 1
2 23310
2 12154
0
0
2 24708
2 5147
0
2 14687
1
2 2515
1
2 15353
0
0
2 32506
0
0
0
2 30366
0
0
2 32167
0
2 9072
3 13356 0
2 23836
3 12770 0
0
0
2 12539
2 32164
1
3 15119 0
2 31106
0
2 23320
2 18548
0
2 3727
3 8239 0
0
0
2 24051
3 2285 0
1
2 2557
2 28525
2 32613
0
2 4964
1
2 13001
1
2 7740
0
2 16153
1
2 26713
2 3263
2 12043
2 20676
0
2 3384
2 20184
1
0
2 31195
2 19227
2 14037
3 5855 0
3 26467 2
2 20960
0
2 23148
2 1481
1
3 18777 0
0
2 4353
2 18635
3 19122 1
1
1
2 16092
0
2 11118
1
2 11348
3 2898 0
1
2 23821
2 29964
1
3 31274 0
2 20529
3 28120 1
1
0
0
2 15659
1
2 12740
3 2633 0
1
2 17541
0
2 28980
3 30247 0
3 12216 0
2 24122
0
2 11463
3 8159 0
2 5700
3 22320 0
0
2 4812
0
0
2 15334
1
0
2 24414
1
2 11249
1
2 5890
0
2 19883
2 30565
1
1
2 20397
2 13583
2 15870
3 2650 1
3 24993 1
2 13700
1
0
2 10165
0
2 1123
0
0
2 1741
1
2 18921
1
2 19214
2 23944
0
2 27390
0
2 2321
0
2 18850
0
2 18242
3 31676 0
2 16707
1
2 13211
1
2 32588
1
0
2 28312
0
0
2 800
2 6956
2 5680
2 16170
2 18106
0
2 28209
0
0
2 30800
2 26488
2 9049
1
0
2 625
3 16589 0
2 11904
2 4790
2 11132
3 13607 0
2 19403
1
0
2 12308
3 1664 0
3 17237 0
2 11733
1
0
2 28311
2 30000
1
3 6164 0
0
2 21376
1
2 8543
0
2 32638
3 18022 0
1
0
0
2 16947
0
2 11768
3 23593 0
2 18939
3 998 1
3 8402 0
3 29521 0
1
2 20289
1
1
2 10536
3 26063 0
2 31065
0
0
0
2 28134
1
2 18915
1
2 23070
2 28173
1
2 2094
3 31068 1
3 11689 0
2 17709
2 1326
2 13523
0
2 18599
2 28674
1
2 3442
1
0
0
0
2 8455
0
0
0
0
0
2 23889
0
2 21787
2 24910
1
0
2 5983
2 7626
1
3 112 0
3 18044 0
3 5286 0
3 13965 0
2 7553
2 1280
3 25388 0
2 9502
3 14481 0
1
2 5318
1
3 26153 1
3 26053 2
3 22320 1
3 25078 0
1
0
2 19042
1
2 10028
2 20626
3 14985 0
1
3 2423 0
2 25313
2 3250
2 15744
3 26575 3
1
2 27179
1
3 21847 2
2 9838
2 20211
2 10815
1
1
1
0
0
2 18610
1
2 21269
1
2 8553
1
2 31465
1
2 7405
1
2 10291
2 25328
0
2 24705
3 26056 0
2 28949
1
2 14920
1
1
2 27563
3 32370 0
3 23938 0
3 29596 0
2 7706
3 27926 1
1
1
2 31248
3 27733 0
2 25706
2 7833
2 13768
3 16527 2
0
2 7562
0
2 31998
0
2 32410
0
2 19152
1
2 909
2 2409
1
0
2 10238
2 19229
2 21600
0
0
2 17559
3 31153 0
0
2 18082
1
2 18936
2 4621
1
3 14860 0
2 2320
1
0
2 2794
0
0
0
0
2 13665
2 22014
1
1
2 17270
0
0
2 10806
2 32531
1
3 30414 0
1
2 6984
0
0
2 2233
2 18696
1
0
0
2 20139
3 12905 0
3 10296 0
1
2 3140
3 31988 0
0
2 3583
1
0
2 28380
3 16180 0
3 3932 0
0
2 18048
1
2 5395
1
2 30034
0
2 30493
2 16740
1
1
2 23387
2 19438
1
1
2 22251
3 20571 0
1
2 22508
3 11751 0
1
0
2 12325
3 8280 0
1
2 26177
3 6968 0
0
2 23567
1
2 23801
0
2 7730
0
0
2 11306
1
2 26602
1
2 5879
0
2 23333
2 22871
3 3326 1
3 22472 1
2 14818
0
0
0
0
2 8949
1
2 4574
3 5330 0
1
2 17788
1
0
2 9307
2 13016
0
2 32365
2 9256
1
3 5620 0
3 1571 0
0
2 19515
1
2 22599
2 22732
0
2 2303
2 32127
2 19194
3 17212 1
3 12352 1
1
0
0
2 15779
3 6415 0
0
2 11555
0
2 3479
0
0
2 12672
0
2 20465
0
2 7676
0
0
2 19542
1
2 10528
1
2 23981
0
0
0
2 4763
0
0
2 20123
3 1802 0
0
2 18573
3 24687 0
0
2 20590
0
2 13231
0
0
2 270
1
2 5818
2 13418
0
2 24704
1
0
0
2 17010
2 21725
3 12269 1
0
0
2 19910
2 30088
1
2 23634
0
2 15294
1
2 17964
1
2 24890
2 4462
1
1
2 32199
3 1170 0
1
2 16467
3 14600 0
1
0
2 13370
2 10666
0
2 25161
2 27360
0
2 6080
1
2 26290
1
2 11997
3 30317 0
2 28955
2 8836
1
0
2 12894
2 20069
0
0
2 9012
3 666 0
1
2 6998
0
2 11580
1
2 20820
1
0
0
0
2 2282
1
2 5962
2 14054
0
2 22735
2 9856
3 3202 0
3 21663 1
1
1
0
2 17528
1
2 25094
2 23594
3 12786 0
2 20160
1
3 5042 0
1
3 2984 0
2 29859
3 6129 1
2 29891
2 3189
0
2 29687
0
0
2 16785
0
2 13884
3 16422 0
1
2 13959
1
0
2 1851
1
2 5299
1
2 15205
1
2 19572
2 21144
2 8414
2 5362
1
2 20445
1
2 18078
0
2 5585
1
2 20278
1
2 6455
2 10765
3 14738 0
1
2 15935
2 10818
1
2 7733
1
0
2 20785
2 17103
2 9834
2 9400
0
2 19766
2 14858
2 17632
3 20475 0
3 19844 2
3 20544 1
3 8117 2
0
2 22729
3 21496 0
0
2 29734
1
0
2 9420
0
2 21513
1
2 4792
3 4660 0
3 5738 0
3 13444 0
0
2 6973
2 20474
2 23484
1
3 22300 1
0
2 2767
3 31873 0
2 10525
1
0
2 16034
1
2 30347
3 6590 0
1
2 10194
1
2 30707
0
2 7555
2 8229
0
0
2 23384
0
2 9028
1
0
0
0
0
2 8389
2 11121
2 9255
0
2 19587
2 14211
1
0
2 13236
1
2 31540
0
2 16040
1
2 26764
0
2 11945
0
2 13378
1
0
0
2 22478
0
2 12048
0
0
0
0
2 24793
0
2 19303
3 16670 0
0
2 7532
0
2 6044
1
2 28575
3 28114 0
3 13962 0
2 20449
2 25352
3 19909 0
2 3461
1
2 19734
0
0
2 6444
3 22857 0
3 6658 0
0
2 13533
3 1222 0
2 18988
2 18003
3 25295 2
2 28907
1
2 29957
0
0
0
2 11421
2 7477
3 14662 1
0
2 17334
1
2 31476
3 16081 0
3 27251 0
0
2 27712
0
2 31464
0
2 20374
0
2 9028
3 7889 0
3 8468 0
0
2 22346
1
2 21885
3 31618 0
1
2 28610
0
0
0
2 18302
0
2 19949
3 15455 0
3 20713 0
2 11096
0
2 17262
0
2 14568
3 25237 0
1
2 30557
0
2 23322
2 8502
3 9652 1
3 7954 1
2 21055
0
2 10779
0
2 16206
0
2 4299
2 6023
1
3 17249 0
3 15013 0
0
2 10279
1
0
2 22172
0
2 31317
1
2 20331
0
0
2 24916
0
2 32643
2 4328
3 4888 1
1
2 19401
2 18778
0
0
0
2 14603
1
2 14955
3 21728 0
0
2 9769
3 1769 0
2 20797
3 7641 1
1
1
0
2 19907
0
0
2 11930
2 7364
3 29000 1
1
3 29699 0
1
0
0
2 21691
3 4346 0
2 24206
3 16000 0
0
2 31450
3 2994 0
0
2 28303
3 25840 0
1
2 4631
0
2 28323
2 19148
1
2 20602
2 23195
1
3 13893 1
1
3 29703 0
0
2 26564
1
2 19168
0
2 12819
2 10000
3 18665 1
0
2 27419
0
2 19903
3 29253 0
2 1680
2 460
0
0
2 4810
3 16296 0
0
2 30198
1
2 22367
2 12179
1
1
2 20037
1
2 25788
2 20229
0
2 14597
2 23208
2 10742
2 2835
0
2 11322
0
2 25399
1
0
0
2 30597
0
2 11764
1
2 22616
3 29692 0
3 14714 0
2 1145
1
3 1720 0
3 15546 0
0
2 21608
2 10708
0
2 23452
0
2 16586
3 28551 0
1
2 6072
3 15613 0
0
0
2 14606
2 24289
2 1169
1
1
0
2 24561
0
2 24653
1
2 7902
1
2 8372
3 5822 0
3 9863 0
0
2 20874
3 5727 0
3 1193 0
2 1757
0
2 19977
2 2031
2 17323
2 8040
3 14582 2
1
1
2 19802
2 1988
0
2 15140
0
2 10519
2 31746
2 31007
3 32335 1
3 7411 0
2 24819
2 3099
0
2 17125
2 20441
3 15773 1
0
0
2 8817
3 14293 0
1
2 28238
1
0
0
2 4416
3 5227 0
1
2 6200
0
0
2 11228
1
2 3927
0
2 20574
3 13477 0
0
2 19039
3 27603 0
0
2 21986
3 28032 0
0
2 5005
3 27671 0
0
2 8378
1
2 17560
0
2 17830
1
2 13709
1
2 19214
2 23136
3 26185 1
0
2 20283
3 17458 0
1
0
2 29478
2 6278
1
0
2 28792
2 27067
2 29194
0
2 30922
0
0
2 5138
2 9667
0
2 22332
3 12849 0
1
2 27418
3 23261 0
0
2 27240
3 27781 0
0
0
0
2 30380
1
2 13182
3 26836 0
1
2 5775
1
0
2 18551
1
0
2 1203
0
0
2 26528
1
2 24679
3 29962 0
1
2 24875
2 7092
1
3 28164 0
3 12507 0
1
0
2 76
3 6525 0
0
2 25557
0
2 8564
3 27588 0
1
0
2 943
2 1732
2 10111
1
1
1
2 27787
3 6191 0
3 13006 0
0
2 17616
2 24721
1
3 3763 0
0
2 4384
1
2 15302
3 1259 0
2 1582
1
3 9533 0
3 13843 0
2 10543
2 14778
3 3844 2
3 6602 2
1
1
2 30309
2 12465
3 18839 0
1
1
1
2 20597
3 9660 0
1
2 27523
2 6060
0
2 27179
0
0
0
2 10449
2 30856
3 23173 0
1
3 26336 0
0
0
2 9450
1
2 31452
1
0
2 1667
3 30065 0
1
2 2894
1
2 20889
3 27013 0
2 20883
3 9145 0
2 8746
1
0
2 13556
0
2 7458
0
0
2 26220
0
0
2 13153
3 26231 0
2 11414
2 13882
2 31902
0
2 19891
0
2 19835
2 29360
1
0
2 18271
0
2 29342
0
2 26097
1
2 2876
2 18242
3 25575 0
0
2 13895
3 23318 0
1
2 27056
2 13052
0
2 19677
2 22294
0
2 26629
1
2 6380
0
2 19095
0
2 14877
1
2 12050
2 14214
2 7037
0
0
2 14544
0
2 26422
2 16970
2 8920
3 31210 0
1
3 30030 1
1
3 19478 0
0
2 26681
2 11144
0
0
2 6758
1
2 25047
2 5821
0
2 4348
3 21475 0
2 27440
0
2 15736
2 19357
1
3 6165 0
2 28185
0
0
2 6660
2 32049
1
1
2 28519
2 5239
1
1
2 1891
0
2 15526
2 1526
0
2 17058
3 28029 0
1
0
2 30670
0
2 1032
2 6962
1
1
2 10084
1
0
0
0
2 22523
2 1044
0
2 8294
1
0
2 22665
3 1810 0
0
0
2 8299
0
2 19446
3 3899 0
0
2 17688
2 3476
2 25326
2 6772
2 23271
3 3697 3
1
2 25422
0
2 21400
0
2 3435
3 11438 0
2 19935
1
0
2 6727
3 4796 0
0
2 11123
0
2 24090
3 2803 0
2 15733
1
2 3313
1
2 16565
1
3 30947 0
2 18486
1
3 16974 0
3 13219 0
0
2 13741
0
2 24102
0
2 18220
3 18864 0
0
2 16237
0
2 18677
1
2 29082
1
0
2 22379
0
0
2 28511
3 26143 0
1
2 21626
3 23999 0
0
2 12575
2 17111
1
1
2 17518
3 10134 0
1
2 9564
3 12591 0
1
2 23807
1
2 27456
2 1131
0
2 25102
0
0
2 18484
0
2 22602
0
2 30968
0
2 9234
2 30319
0
2 28439
2 16902
1
0
2 6559
2 28007
0
0
0
2 9142
3 3138 0
2 18337
0
2 12767
2 16837
1
0
0
2 17903
2 26795
0
2 25704
0
2 808
0
2 16467
2 24137
0
2 31224
0
2 8670
0
2 20354
3 12264 0
2 2808
0
2 7785
2 499
0
2 27452
1
2 22803
3 20559 0
1
2 9559
0
2 3458
1
0
2 13163
2 30716
0
2 14035
3 25551 0
1
0
0
2 28723
1
2 1356
0
2 8590
0
2 12095
2 11202
3 4353 1
0
2 10563
0
2 14884
1
2 23210
3 26242 0
0
0
2 18542
3 17300 0
1
2 27603
1
2 14231
3 7737 0
0
0
0
2 1206
0
2 18079
0
2 15089
2 17219
0
2 29995
1
2 84
3 5378 0
3 3357 0
2 3022
2 27616
3 14381 2
2 11311
1
0
0
2 506
0
2 8564
1
2 4831
2 63
1
2 2201
0
2 31786
3 15295 0
2 2449
3 7408 1
0
2 16119
3 30095 0
1
2 17190
2 3602
3 3957 0
2 517
1
0
0
2 11378
2 16291
3 29176 0
3 27252 1
0
2 23886
3 7742 0
3 4815 0
1
2 3926
0
2 14935
0
2 10522
1
2 25975
2 23721
2 26206
3 31773 1
3 20103 0
3 25543 1
2 24330
2 17835
3 2265 2
3 11774 3
2 27043
0
2 30665
0
0
2 10386
0
2 30119
0
2 23504
2 19349
2 10335
2 17330
2 23061
3 10470 1
2 3153
1
0
0
0
2 796
2 30117
1
2 19972
0
2 15149
1
2 9960
3 2179 0
1
2 19701
2 17114
1
2 17537
0
2 1276
3 27768 0
0
2 13453
3 18467 0
0
0
2 12271
3 20793 0
1
2 1947
1
2 20813
0
0
2 11123
0
2 8311
3 14178 0
2 10370
2 8920
1
2 22707
2 24837
3 31093 3
3 32434 1
2 13012
1
2 2300
1
3 27256 2
1
3 17747 1
3 31223 2
3 3715 1
3 14688 1
3 4628 0
0
2 4847
1
2 9183
3 23418 0
2 10895
0
2 24928
3 28184 0
3 18095 0
0
2 8439
3 30646 0
2 20105
3 28552 0
3 12681 1
3 4115 1
3 5136 1
2 26657
2 23760
0
0
0
2 13708
2 6415
1
2 24947
2 19022
2 30051
0
2 4204
1
2 9676
1
2 32123
3 18275 0
1
2 18072
2 3708
0
0
2 7193
1
0
2 29697
1
2 14044
2 17057
2 11474
0
2 6069
2 31963
2 22168
2 27941
2 10979
0
2 30968
0
2 26293
1
2 16020
1
2 14859
1
0
0
2 1934
3 9040 0
3 9413 0
0
2 2584
1
2 19504
3 26913 0
1
2 15109
2 14601
0
2 30049
0
2 5217
3 23863 0
1
2 594
2 5757
0
2 28229
3 27024 0
1
2 24393
2 2821
2 21623
0
2 2605
2 823
2 1354
2 18659
1
2 5131
3 7033 2
0
2 28767
2 28546
1
1
2 18809
1
2 13931
0
0
0
2 4943
3 14712 0
0
2 24134
0
2 15933
0
2 3423
2 20111
3 21802 0
1
2 23510
3 28004 0
1
2 4093
2 23275
2 19800
3 5436 0
1
3 17429 2
1
2 11354
1
2 7258
3 21163 2
3 11984 1
0
2 26332
3 25471 0
1
2 23432
3 1983 0
0
2 6433
1
2 18585
3 3235 0
0
0
2 5456
2 27703
3 8977 1
1
2 20262
0
2 13840
0
2 26788
3 15209 0
1
0
0
2 8428
2 6986
3 18986 1
3 23818 0
3 26888 0
3 30095 1
2 2928
2 29832
2 159
0
2 15293
2 31259
2 16288
1
1
1
2 32216
1
2 4263
1
2 249
1
2 12248
3 28335 0
3 26185 0
3 19689 0
3 18761 0
0
2 19927
3 2688 0
0
2 25683
2 19021
0
2 23067
2 8119
3 11046 0
0
0
2 15243
1
0
2 7156
2 2031
0
2 31280
3 13103 0
1
2 6674
3 15822 0
2 1203
1
0
2 12856
2 15498
3 14671 0
0
0
0
2 28644
2 30713
0
2 9552
2 9641
1
2 15078
2 30882
1
2 3028
1
3 242 1
2 28421
1
2 26349
3 23280 0
0
2 17420
0
0
0
0
2 30859
3 19707 0
2 15167
0
2 23891
1
2 20840
0
2 12531
0
2 11403
0
2 149
3 24801 0
0
2 23424
1
2 6404
0
2 8562
2 5026
0
2 30212
2 11773
3 30677 1
0
0
2 5020
2 21053
0
0
2 2989
3 28904 0
3 20045 0
2 20166
2 31737
2 5022
0
0
2 14343
1
2 30586
3 29957 0
0
2 13879
2 18966
3 18319 1
3 3239 1
1
2 19618
3 18551 1
0
2 22178
3 11433 0
1
2 31247
3 24891 0
3 1768 0
0
2 7530
2 16918
2 25025
0
2 21191
0
2 27226
0
2 2446
0
2 23567
1
2 26215
2 20668
0
2 13765
0
2 1586
0
0
2 18291
3 26931 0
0
0
2 15465
3 552 0
2 24137
0
2 21040
2 25380
1
3 27953 0
1
0
2 22171
1
0
0
2 1132
3 19767 0
0
2 3614
3 7569 0
0
2 10960
0
2 30250
3 31201 0
0
2 16099
3 21320 0
1
2 6090
2 12765
2 23375
3 27173 2
1
2 23524
2 20372
3 19476 2
1
3 608 2
2 26412
1
1
2 4124
3 3063 2
1
1
2 12505
1
0
0
2 3999
1
0
2 15026
0
0
2 2340
1
2 14055
1
2 9336
0
2 15501
2 26122
0
0
0
2 956
2 6191
0
0
2 15241
0
2 20084
0
2 22747
0
0
2 22487
2 16009
1
3 24100 0
2 16294
0
2 26281
0
2 24975
2 2033
1
2 19640
2 11512
2 23548
3 22012 3
0
0
2 11672
2 28872
1
1
0
2 23062
0
2 31187
0
2 27646
1
0
0
2 6489
1
0
2 21111
0
2 31309
3 5694 0
0
2 21759
3 736 0
2 16311
3 3347 0
3 26240 1
3 8338 1
0
0
2 1338
2 3616
1
0
2 18019
2 32696
3 20627 1
1
3 21455 0
3 1177 0
0
2 14017
2 16173
2 20885
2 23290
3 21272 3
2 6613
1
0
2 9184
2 165
2 16964
3 21029 1
1
0
2 3285
1
0
2 4320
2 6622
0
0
2 11002
1
2 17811
3 8483 0
0
2 18835
2 14937
0
2 11837
2 31707
3 21767 0
2 2610
0
2 282
3 7950 0
3 11549 0
2 1688
0
2 3858
1
2 6082
1
2 32087
3 6001 0
0
2 6880
0
2 13216
0
2 26471
0
2 7385
3 27134 0
2 11737
3 7253 1
3 14830 0
0
2 32559
2 516
0
2 25756
1
2 28089
1
0
2 471
2 9781
1
3 14407 0
1
2 10323
1
2 19740
1
2 15621
0
2 26279
1
2 11354
3 7859 0
1
0
2 29603
2 1744
0
0
0
2 27064
3 23115 0
0
0
0
2 1860
0
2 2512
0
2 8674
0
2 785
2 2245
2 4984
3 6823 0
0
2 23221
1
2 26215
1
0
0
2 11724
1
0
2 30079
1
0
0
2 31202
0
2 19254
2 6870
1
1
2 18110
2 14940
2 11029
1
1
2 3147
1
0
2 28191
1
0
2 12471
3 20236 0
0
0
2 15020
3 24945 0
0
2 19871
3 24752 0
1
0
2 16878
2 18506
3 20821 1
1
2 22440
2 18666
2 30285
1
2 24901
3 28064 1
1
2 15708
1
3 11605 2
3 19827 2
0
2 8951
2 19221
3 13819 0
3 28628 0
2 17562
2 26076
1
3 9070 0
2 3599
2 20063
2 7575
2 4282
3 20192 6
2 15666
3 2050 6
1
0
2 1044
3 21029 0
3 14973 0
0
2 2771
1
2 19277
0
2 28708
0
2 26855
0
2 25794
2 32080
0
2 27423
3 9940 0
2 31680
0
2 14075
0
2 26971
0
0
2 16917
0
2 25260
2 23987
1
1
0
2 2607
0
2 8385
3 14910 0
2 15288
1
3 31749 0
0
2 12524
1
2 18041
2 19694
0
0
2 14028
1
2 6526
3 30953 0
0
2 16282
2 24260
3 31708 1
3 6884 0
1
0
2 30568
0
0
2 19517
2 26300
2 12066
3 5599 1
0
0
2 2557
3 23216 0
0
2 22006
2 26141
2 10517
3 1802 2
3 16555 0
0
2 19989
1
2 22396
0
0
2 8624
2 7700
3 14634 1
3 9198 1
2 29882
0
0
0
2 3172
0
0
0
2 11276
0
0
2 6012
2 397
2 19119
1
0
2 29019
2 26324
1
1
0
2 1716
2 25698
2 26657
3 25159 0
0
2 30245
1
2 21057
0
2 25006
2 3880
2 17602
0
0
2 7383
1
2 27528
1
2 11564
3 4342 0
1
2 10890
0
0
0
2 13294
3 6654 0
1
2 6786
2 17141
1
0
2 17091
3 10436 0
2 20479
2 4104
0
0
2 21860
2 31534
0
0
2 16832
2 5036
1
1
0
2 20465
3 32576 0
1
0
2 16328
3 8746 0
3 11928 0
0
2 24479
2 29108
0
2 27217
2 26983
2 25638
3 14007 2
3 10204 2
1
3 20607 0
2 7654
3 31773 2
2 13706
0
2 1934
0
2 2049
2 7346
3 851 1
2 12138
0
0
2 29824
3 5339 0
3 8948 0
2 8130
2 3594
0
2 4072
3 22671 0
3 9716 0
2 19727
2 15416
3 13499 0
3 17191 0
2 5362
1
1
0
2 4677
3 15423 0
0
0
0
2 20469
1
2 3517
3 8877 0
3 22897 0
1
2 6690
2 8465
0
0
2 5510
1
2 28502
3 546 0
1
2 2468
2 1666
0
2 8494
3 1120 0
2 27043
3 985 1
2 9648
1
1
1
2 24451
2 3997
2 15857
0
2 22995
1
2 31463
3 17520 0
1
2 1874
3 1608 0
1
2 20899
2 8485
1
2 10093
0
0
2 14504
3 14057 0
1
0
2 6624
2 16150
3 19621 0
0
2 3828
0
2 29709
1
2 20800
0
2 20825
1
0
2 19846
2 15231
1
2 24776
1
2 10704
1
2 26893
2 12067
1
1
1
2 5664
3 94 0
1
0
0
2 29984
3 1432 0
2 13658
2 22153
1
2 28249
2 10977
1
2 22168
3 2571 1
2 25137
2 4774
3 10072 3
1
1
1
0
0
0
2 11963
3 4066 0
1
2 23368
0
0
2 7777
3 29251 0
1
2 11262
3 19267 0
2 28556
1
2 24297
1
2 22825
3 19241 0
1
1
2 30231
1
0
0
2 30058
2 9827
1
1
0
2 27572
0
2 15452
3 25738 0
0
2 11295
2 30139
0
2 11194
3 16790 0
2 7951
0
2 17503
3 9768 0
1
2 2958
0
2 12563
1
2 31258
2 20347
2 22345
1
0
0
0
0
2 1249
0
2 24253
1
2 26584
3 27389 0
0
0
2 26864
2 9600
0
2 5106
0
0
0
2 18595
1
0
2 1442
1
2 26927
2 16480
3 15856 1
2 5947
1
1
0
2 26506
3 19816 0
1
0
0
2 32385
2 8887
0
2 28834
3 21298 0
0
2 11594
0
2 5292
3 13129 0
1
2 15502
2 3886
3 4930 1
0
0
2 20004
2 5487
3 27568 1
3 20704 1
0
0
2 26362
1
2 8843
1
2 16777
1
2 4837
3 31583 0
0
0
2 23001
1
2 25126
2 17100
1
0
2 16610
0
2 22213
3 17277 0
1
2 6229
1
0
2 19009
0
2 23279
0
2 16478
0
0
2 19393
2 6003
0
0
2 14921
0
2 10134
0
2 21433
2 8502
1
3 24926 0
1
0
2 7370
3 24223 0
0
2 15009
3 11638 0
0
2 22237
1
0
2 8218
0
2 14612
2 25780
0
2 4667
1
2 30129
0
0
2 31101
1
2 31819
1
2 2413
2 11100
0
2 9503
0
2 13063
0
0
0
2 32759
0
2 30831
2 3083
3 26427 1
1
1
2 5867
1
2 17787
3 17472 0
0
2 21765
2 2700
2 30320
3 23822 2
1
0
2 4692
2 15151
3 5922 1
3 21950 1
0
0
0
2 31490
3 16192 0
3 14870 0
3 2925 0
3 1021 0
2 5776
1
3 15922 0
0
2 19909
3 25708 0
2 5783
0
2 3727
1
2 21191
2 8241
0
2 31351
2 10346
2 30403
0
2 16705
3 14560 0
2 29173
3 24718 0
2 10675
3 16969 1
1
3 22503 0
1
0
2 8887
0
2 16031
0
2 3091
3 6665 0
1
2 8824
1
2 17182
2 3452
2 32565
1
0
2 22712
3 7997 0
1
2 6171
2 14401
2 24243
2 2330
3 28016 1
3 10808 2
1
0
2 10983
3 1236 0
3 1110 0
3 554 0
2 10621
1
0
0
2 6727
2 11141
2 20853
0
2 18517
1
0
2 19003
1
0
0
2 21868
2 3545
0
2 28767
1
2 26683
3 17327 0
3 19070 0
1
2 15782
2 8523
3 20786 0
2 31486
3 23055 1
2 9852
3 31751 2
2 18879
1
0
2 27430
2 12984
2 11311
0
2 16313
0
2 1567
0
0
2 12580
2 16734
1
3 1791 0
3 17500 0
2 28305
0
2 25014
0
2 15549
0
0
2 2781
1
0
2 2304
2 5809
2 29634
3 26656 1
2 20992
3 11267 0
2 12714
1
0
2 22088
3 22662 0
1
2 31947
0
0
0
2 17567
1
2 16387
0
0
0
2 16982
2 16703
0
0
2 10601
3 2753 0
3 13784 0
1
2 30805
3 9287 0
0
2 1522
3 27551 0
0
0
2 12574
3 17379 0
2 14322
2 23964
2 25430
3 25329 2
0
2 20299
2 30577
1
1
0
2 22026
2 10970
0
2 7759
2 23248
1
1
2 22440
2 20025
3 27144 1
2 23418
0
2 23728
0
2 32342
0
2 15155
3 32219 0
0
2 15186
3 3697 0
2 7704
3 7812 0
0
0
2 4424
1
2 9153
3 10192 0
3 30559 0
3 22036 0
3 5948 0
1
2 12911
3 30783 0
2 15913
0
2 1533
2 26503
2 21061
1
3 9039 0
2 17437
3 16634 1
2 19320
1
2 12348
1
3 31892 2
2 32563
0
2 1360
3 28281 0
0
2 14406
2 24954
3 32560 0
3 4358 1
2 20280
0
2 5610
0
2 27258
0
2 9482
0
2 23791
1
2 17516
3 6353 0
1
2 5961
0
2 7859
2 28506
3 31501 1
1
0
2 20171
0
0
2 12966
0
0
0
2 18700
2 18829
1
1
0
0
0
2 2832
0
2 27339
1
0
0
0
2 19280
2 21400
1
3 6528 0
2 28844
2 18234
1
2 17402
2 18393
3 28224 2
3 20805 2
2 20819
0
2 32555
0
0
0
0
2 27358
1
2 28371
2 13854
0
2 848
1
2 9501
3 606 0
1
2 18764
3 6983 0
0
2 29380
2 4271
1
0
0
0
2 2447
1
2 13239
0
2 8666
0
2 4619
0
0
2 25768
0
2 22350
3 20109 0
2 4505
1
0
0
0
2 24656
3 31885 0
3 13072 0
3 1155 0
0
0
2 10769
1
2 27126
2 16425
2 31114
0
2 12634
2 6879
1
2 4534
0
0
2 15652
3 8386 0
2 11397
1
3 1052 0
0
0
2 13791
2 7545
2 31287
2 8288
1
2 10421
2 14518
2 11419
1
0
2 5035
1
2 32083
0
2 20999
1
2 26220
3 17686 0
3 5448 0
2 31403
0
2 20938
3 23174 0
0
2 12434
3 1642 0
2 20607
1
0
2 29786
3 17387 0
3 17787 0
1
2 26802
1
0
0
0
0
2 20928
3 29454 0
0
2 10741
1
2 23716
2 9981
0
2 17062
1
2 11426
0
2 9937
3 13043 0
2 27131
1
2 16523
1
1
2 18657
3 29292 0
2 14231
1
0
2 14400
0
0
0
2 27671
3 23325 0
0
2 24125
2 4845
0
0
2 14608
0
2 13325
1
2 24778
3 24433 0
1
0
2 19362
2 15349
2 20651
2 17844
1
1
2 26916
0
0
2 1179
0
2 24035
0
2 8010
3 26133 0
2 31075
2 24577
3 14066 2
2 25579
3 6201 0
3 30242 0
1
2 13250
3 3665 0
0
0
2 16569
0
2 1537
1
2 30938
1
2 5780
2 8715
1
2 17561
2 25827
2 9420
3 2829 3
2 1418
3 24821 4
1
0
2 10138
3 7155 0
3 788 0
2 11402
0
2 24645
1
2 21940
1
0
2 17299
0
2 2576
3 20724 0
2 24086
2 6991
3 8198 1
1
3 6813 0
2 8781
0
2 25121
3 8798 0
1
0
2 31172
0
0
2 23287
3 26507 0
0
2 13481
2 29730
2 28869
1
3 19949 0
0
0
2 25113
3 23400 0
1
2 19655
0
0
2 22461
1
2 12856
0
2 28209
0
2 24819
0
0
2 27727
0
2 1809
1
0
2 10681
0
2 1815
3 3203 0
2 29544
2 5064
0
2 4075
1
2 18860
2 11778
1
3 29671 0
2 18270
1
3 12556 0
2 27869
1
1
0
2 14876
2 17440
0
2 20009
1
0
2 3149
2 11905
3 3164 1
1
3 21596 0
1
2 18535
3 19167 0
0
0
2 17669
3 3571 0
0
2 23331
1
0
2 28443
2 2743
0
2 20679
3 24319 0
2 16241
2 14669
2 9572
3 18204 0
0
2 8075
3 7286 0
1
2 17881
3 25110 0
1
0
2 32031
1
2 32574
3 20979 0
1
2 25231
0
2 28920
2 24275
1
1
2 20916
3 14990 0
0
2 24525
2 1940
0
2 24760
2 2016
2 26936
3 32596 1
2 14095
0
2 2661
2 17551
1
2 15368
2 30146
1
3 23951 1
0
0
2 11208
0
2 31779
1
2 3215
2 16956
2 20298
1
3 15236 0
1
2 24188
2 24177
1
0
2 32235
1
2 15308
0
0
0
2 3191
2 13490
2 4369
1
0
2 14499
0
2 9462
3 19234 0
0
0
2 14939
1
2 9941
2 7157
0
2 23575
1
2 10706
1
2 1481
2 11016
0
2 18091
3 11577 0
0
2 17463
3 10162 0
2 1101
1
2 19928
0
0
2 15998
0
2 25440
0
2 9018
0
2 11778
0
2 14229
1
2 4598
0
2 24412
2 6517
3 20819 1
2 8179
2 31634
2 5750
0
2 21491
0
2 24195
3 27227 0
3 2153 0
2 15609
1
3 20503 0
2 25651
2 20969
0
0
2 11530
0
2 12529
2 30274
2 3894
2 1595
0
2 16904
0
2 5342
1
2 11333
1
0
2 30188
1
2 19744
0
2 4498
0
2 14912
1
0
2 5171
2 15630
2 18848
2 9024
0
0
0
2 19375
2 18691
2 17631
0
0
2 5716
2 1625
2 2253
2 18922
1
1
0
2 21354
1
0
2 12489
0
2 3431
1
0
2 6234
0
2 32424
3 4479 0
1
0
0
2 19902
2 24044
1
0
0
0
2 24358
0
2 4239
3 14042 0
1
2 5730
2 1187
3 32548 0
0
2 24223
0
0
0
0
0
0
2 30928
2 27974
0
0
2 30421
1
2 7325
3 18429 0
3 28908 0
1
2 23418
2 6805
1
0
0
2 4138
0
2 23900
0
0
2 30003
0
2 3716
3 4210 0
2 28437
1
0
2 8510
3 27365 0
3 14206 0
1
2 7335
1
2 14633
3 31439 0
1
2 25127
1
0
2 9182
0
0
2 7120
0
2 30680
3 24080 0
2 2297
1
1
2 13044
1
2 2
2 28591
3 31192 1
2 2018
0
2 19780
2 24260
2 8981
3 5047 2
0
2 2300
0
2 25082
0
2 10260
1
2 31783
1
2 30798
1
2 16609
2 15309
0
2 2669
2 2955
2 28359
1
3 20775 1
3 31181 0
3 10410 1
1
1
0
0
2 13076
2 7694
2 26611
0
0
2 28416
0
0
2 12992
2 4221
2 27985
1
1
1
0
2 15133
2 18140
0
0
2 17194
2 13474
0
2 5344
0
0
2 6407
1
2 18473
0
2 14898
3 1730 0
0
2 4204
0
2 20109
1
2 21527
2 24850
1
3 27691 0
1
0
2 9462
2 29500
1
0
0
2 23376
3 10625 0
1
2 7427
0
2 10983
3 25432 0
3 31455 0
3 3781 0
2 27751
3 2661 0
1
0
0
2 14089
2 23892
3 23947 1
0
2 32574
1
0
0
0
2 28407
3 2198 0
0
2 7738
1
2 29586
1
2 30788
3 17406 0
0
0
2 12732
1
2 3895
1
2 6426
1
0
0
2 21227
1
2 31376
1
2 19793
1
2 17045
0
2 21921
2 20697
3 2944 0
3 24733 1
3 14742 0
0
2 11424
1
0
2 11836
2 2230
3 4227 0
3 22484 0
3 2702 0
3 577 0
2 27701
0
2 5301
0
2 3808
3 12355 0
3 24568 0
1
2 5718
3 18552 0
2 12018
1
2 27627
0
0
2 13586
1
2 31255
1
2 18374
3 16176 0
1
2 19828
3 5804 0
2 6790
1
0
2 25854
0
2 876
0
2 28794
2 27954
0
2 20327
2 14116
1
3 15353 0
1
2 19290
3 14309 0
3 10959 0
3 801 0
0
2 28396
3 14110 0
3 19195 0
0
2 880
3 31921 0
1
2 8271
0
2 2807
0
0
0
2 6036
0
0
2 6358
2 10237
3 20334 0
0
2 9727
2 19841
2 21848
3 11238 1
3 26430 0
1
2 16019
1
1
1
2 7347
1
2 26715
2 8448
3 30222 0
1
3 30250 0
0
2 30958
0
2 15513
2 10374
3 26751 0
0
0
0
2 13500
3 21025 0
0
2 3527
0
2 15581
2 21504
3 25894 1
1
1
2 6770
2 22053
1
2 19378
3 23695 0
2 28987
2 5917
3 28033 1
1
1
0
0
0
2 4987
0
2 2807
0
2 17431
2 9341
2 1172
3 17955 0
1
0
0
0
2 10743
1
2 13037
1
2 22919
2 23413
1
3 6105 0
3 7612 0
1
2 12830
3 3483 0
1
2 4197
3 11680 0
3 16599 0
1
2 24920
3 16874 0
2 4177
1
2 21478
3 21446 0
2 25193
0
2 25852
1
2 4502
2 27185
1
3 21525 0
3 22408 0
1
2 12889
3 8589 0
2 21319
0
2 18011
0
0
2 13613
0
2 15090
0
2 6359
0
2 6119
0
2 22049
2 8977
0
2 27343
0
2 11782
3 18413 0
2 101
2 77
1
1
2 8607
1
2 15394
2 29157
1
3 12864 0
0
2 9990
1
2 18075
2 17155
2 27774
1
2 4942
1
0
2 19909
0
0
0
0
2 22356
3 29164 0
0
2 8924
3 9982 0
3 22919 0
0
2 14106
0
0
2 8938
0
0
2 29361
1
2 21869
3 27747 0
1
2 6478
3 12340 0
3 12719 0
2 28270
0
0
2 19903
1
2 20726
3 17408 0
3 7389 0
3 20654 0
0
2 24185
2 26078
1
3 7848 0
3 15908 0
0
2 13932
3 2461 0
2 19447
1
3 26291 0
0
0
2 9140
0
2 18535
1
2 16315
0
2 25007
3 26928 0
2 24150
1
3 2514 0
0
2 21183
0
2 12406
3 26212 0
0
2 1512
1
2 8574
0
2 28080
1
2 25963
0
2 26407
1
0
2 29420
3 27438 0
3 25357 0
0
0
2 27526
1
2 3783
1
2 17379
1
0
2 21530
1
2 898
1
2 9490
1
2 24937
1
0
2 17503
3 15911 0
3 7444 0
2 5101
1
3 14887 0
3 12269 0
3 12809 0
3 3068 0
3 14444 0
0
2 16423
3 29755 0
2 7349
3 824 0
2 8551
0
2 1744
0
2 978
1
2 16199
2 21891
3 15005 1
3 5156 1
1
3 27485 0
2 9229
1
0
2 29433
1
0
2 23343
2 10872
1
0
2 22470
1
2 5151
3 11029 0
3 24184 0
1
0
0
2 5822
0
0
0
2 26696
2 32262
3 30744 1
2 5095
0
2 4287
0
2 10962
3 16835 0
2 16055
1
1
2 4290
2 30345
0
2 4969
2 29247
0
2 2185
2 11301
0
2 30051
0
2 29556
1
2 27852
0
2 20031
2 465
1
3 15749 0
3 19366 0
0
2 27750
0
2 20159
2 5200
2 8168
3 18079 2
1
2 11561
0
2 26762
0
2 11805
2 27156
3 11038 0
0
2 8250
0
0
2 32162
0
2 24384
0
2 4771
3 27140 0
2 24668
1
1
2 15178
1
2 26524
1
2 31410
2 2119
1
0
2 26578
1
0
2 15654
1
2 12882
2 10149
2 6679
2 14119
1
1
0
2 5807
2 21527
2 4298
0
2 23561
1
2 18495
2 27777
3 29266 1
0
2 26998
3 22685 0
2 603
3 28250 0
1
1
2 23481
0
2 12718
3 29610 0
1
2 9056
3 3520 0
0
2 13773
2 1117
0
2 28448
0
2 11796
3 11778 0
2 746
1
0
0
0
0
2 14929
2 4783
3 11494 1
0
2 524
1
2 15138
2 19591
3 19515 0
1
1
2 31904
0
0
0
2 25263
2 27947
0
0
2 18289
2 29543
3 9789 0
0
0
0
2 14460
0
2 7216
1
0
2 28993
1
2 20461
3 5480 0
0
2 23153
1
2 6591
3 32725 0
3 17099 0
2 28602
1
1
0
2 14151
3 13949 0
2 19551
2 19318
0
2 4203
2 19352
0
2 4226
3 754 0
0
2 8455
1
2 8239
2 7056
2 28774
2 9315
3 18715 3
1
0
0
0
0
2 31477
2 6586
2 31364
0
2 9541
3 30207 0
2 29837
1
2 8362
1
0
2 30883
3 18188 0
1
0
2 8475
1
0
2 30381
2 30750
2 11746
2 5012
2 23938
0
2 20611
2 29331
1
1
2 26172
2 8439
2 27615
0
2 30523
0
2 12660
3 24526 0
3 17216 0
1
0
0
2 15632
3 1821 0
0
0
2 12902
3 22592 0
0
2 20492
3 20068 0
1
2 28584
0
2 26867
0
2 30357
2 4162
3 17119 1
1
3 24479 0
2 4194
3 23767 0
3 5561 0
1
0
2 2250
1
2 28621
0
2 22212
3 32075 0
3 15152 0
2 23288
1
3 15978 0
0
2 26649
1
2 19282
2 9872
2 23759
0
2 14258
2 11158
1
1
2 20079
0
2 7945
0
2 7391
3 24315 0
3 1164 0
1
0
2 4808
1
2 14359
3 19989 0
1
2 5225
3 12930 0
1
2 15831
2 5389
1
2 4048
0
0
2 4656
2 24584
3 16596 0
0
0
2 15821
0
0
2 21045
2 496
3 9991 0
2 13343
0
2 30622
2 5887
0
0
2 25475
0
2 10366
3 5223 0
0
2 24420
1
2 12442
1
2 14056
3 7946 0
3 3766 0
2 13396
0
2 31259
0
2 23877
0
0
0
2 18078
3 23569 0
1
0
2 24557
0
2 18228
0
2 5639
0
2 17378
3 842 0
3 3131 0
3 14042 0
1
2 30444
1
2 8723
2 16391
2 4949
0
0
2 28299
2 9633
3 989 0
0
2 3554
1
2 24909
0
2 29734
3 14168 0
1
2 26871
3 10302 0
2 12343
2 23088
0
0
2 4566
1
2 26214
3 17955 0
0
2 7249
1
2 16199
2 16713
0
2 8254
0
2 27566
0
2 18694
1
0
0
0
0
2 1797
1
2 11940
0
0
2 2213
0
2 29025
0
2 25671
0
0
2 24889
0
2 14798
3 32415 0
3 6093 0
1
2 6077
3 12436 0
1
2 18031
0
0
0
2 13592
1
2 13636
1
2 18280
2 22760
2 32679
2 13779
2 32026
0
0
2 5515
0
2 20013
2 1712
0
2 14747
3 652 0
2 3832
3 21807 0
0
2 26753
2 28791
0
2 7729
3 14786 0
2 11134
0
2 26530
1
0
0
2 13922
1
2 16916
0
0
2 8797
3 16290 0
2 12466
2 163
0
2 9085
1
0
2 3095
2 28906
1
0
0
0
2 18590
3 3515 0
0
2 26785
1
0
2 2417
1
2 3116
0
2 14076
0
0
2 1143
2 4830
0
2 31584
3 15411 0
0
2 14524
0
0
2 15716
0
2 27530
2 21805
2 2706
0
2 19739
3 24789 0
0
2 24227
3 26000 0
2 18996
3 23757 1
1
2 4308
1
3 27554 0
0
2 17815
3 25581 0
3 6736 0
3 30960 0
2 4147
3 25278 0
0
2 26505
2 19209
3 16350 0
2 26870
3 25510 1
0
2 31812
0
0
0
2 15224
0
2 26378
3 694 0
3 29209 0
1
2 21126
3 26510 0
3 22707 0
0
2 1628
0
0
2 27098
1
0
0
2 14652
3 6571 0
0
2 17683
3 8653 0
0
2 20148
3 19205 0
0
2 3300
2 9576
3 30676 1
2 2865
1
0
2 18499
1
2 11364
2 11019
2 12084
3 29431 2
2 15958
3 6011 2
1
3 20469 2
0
2 12545
1
0
2 11846
2 20644
1
0
0
2 19308
2 24400
3 659 1
0
2 6252
1
2 17342
2 5413
0
2 21485
1
2 31717
1
2 14027
3 16026 0
1
2 17381
0
2 13984
0
2 2120
0
0
2 6178
2 24649
1
0
2 32097
3 11307 0
1
2 19575
3 19358 0
2 16747
0
0
2 23051
2 21467
1
2 14685
0
0
2 1950
0
0
0
2 15092
0
2 3585
0
2 16596
1
0
2 32634
2 14629
1
0
2 29832
2 25166
3 16294 1
3 18017 1
3 14094 1
3 18640 1
2 6068
1
1
1
2 15656
0
0
2 20696
2 26151
0
2 5836
2 30707
2 13948
0
2 12658
0
2 30990
2 4818
1
0
2 7885
2 770
1
3 24576 0
0
0
2 20673
0
2 16973
1
2 1576
2 4319
3 11050 0
1
1
0
0
2 16958
1
2 15302
3 3008 0
3 28488 0
2 1943
3 7960 1
3 23810 0
2 13174
1
3 2102 1
2 14135
3 13619 0
0
2 28004
0
2 13965
1
2 22892
2 1257
1
3 16880 0
1
2 14370
1
0
2 1934
1
0
2 336
2 15171
0
2 21390
3 13618 0
2 25807
1
2 4085
3 15648 1
2 31554
1
0
2 31042
0
2 16859
3 12727 0
0
2 32464
2 27073
2 28028
0
0
2 30679
0
2 18426
2 32386
2 23358
1
0
0
2 6409
2 28812
1
2 25310
2 16767
3 25325 1
0
2 22395
1
2 17303
3 18416 0
2 12334
0
0
0
0
2 12058
2 19436
1
1
0
0
2 25431
3 9576 0
2 522
2 7967
1
0
0
0
2 10892
2 16943
1
0
2 13154
2 9898
1
0
2 5020
3 12768 0
1
2 22293
1
0
2 14271
1
2 6330
1
2 7706
