100
2 7567
1
0
2 6845
3 4528 0
1
2 7147
2 10949
0
2 27251
3 32535 0
1
2 5653
3 13618 0
2 25637
3 19739 0
0
0
0
0
2 30526
1
2 10917
1
2 11079
0
2 5809
1
2 16211
2 24105
1
2 29319
0
2 6944
0
0
2 13368
0
2 20476
2 30998
3 4236 0
3 18077 0
0
2 26499
1
2 30650
0
0
0
2 1551
1
0
2 18895
0
0
2 10316
1
2 5086
1
2 18492
2 22809
0
0
2 15852
0
2 10311
0
2 21338
0
2 20835
3 28191 0
0
2 14050
3 32703 0
1
2 4703
1
2 8447
0
0
0
2 32724
2 28283
1
2 8115
0
2 22727
1
2 20747
2 28034
3 27508 1
1
2 19547
2 26392
1
3 1802 1
0
2 18735
1
2 867
