4.944234589171890848e-01
4.944234598172420614e-01
4.944234607303940043e-01
4.944234583067566025e-01
4.944234594683718509e-01
4.944234587035856165e-01
4.944234603812579509e-01
4.944234640406578452e-01
4.944234584487628981e-01
4.944234582826056990e-01
4.944234583340105793e-01
4.944234584309904479e-01
4.944234584891069040e-01
4.944234601917280036e-01
4.944234608163931011e-01
4.944234594969106333e-01
4.944234618478674514e-01
4.944234586739960635e-01
4.944234589409983172e-01
4.944234610700384280e-01
4.944234584889594664e-01
6.072021153561742990e-01
4.944234583940568806e-01
4.944234594715748443e-01
4.944234630663438823e-01
6.332203193965082466e-01
7.598902110770633378e-01
7.933931920946377669e-01
6.695841884250689491e-01
6.899829995536205240e-01
6.983722714508074914e-01
6.613797221114727787e-01
7.002390273402079313e-01
7.069952486085947507e-01
5.882078980323656170e-01
8.480423615736414344e-01
6.156080220231925360e-01
6.976329951936878215e-01
6.545024601382163354e-01
6.494332278510179801e-01
5.834589254160222893e-01
6.624751614269205335e-01
6.310968660796704155e-01
7.124329254375684206e-01
5.827426779309188287e-01
5.943506750762630464e-01
6.931986499218707465e-01
6.849035345387645135e-01
7.559845667654242485e-01
6.360553265416142299e-01
6.811564817904139923e-01
6.573757005449676338e-01
6.740470947515047051e-01
7.779506655257295566e-01
7.241282982337922114e-01
7.292940036106885238e-01
5.666739953102604144e-01
6.365001632230943285e-01
8.014983942334218403e-01
7.326017682769357942e-01
5.884250527464532921e-01
7.781655293873365187e-01
6.689056255333125645e-01
7.221745055422585935e-01
6.769351328221067110e-01
5.820255884964955495e-01
6.365593493874619480e-01
7.157846070686485485e-01
6.337390796086820322e-01
6.841498650125785730e-01
6.261692916757360949e-01
7.080499633420377359e-01
5.801331906313916820e-01
6.881545648882615440e-01
7.036088592056991553e-01
6.879187729904027160e-01
6.355918237886352129e-01
6.781372874795087435e-01
7.134707293632553959e-01
6.883498607440354800e-01
6.423153762938438316e-01
6.091264317350963964e-01
6.963668153519653181e-01
7.169877659974495110e-01
7.078195305260095438e-01
6.080560463855835263e-01
6.815223544564741331e-01
6.126465746637367316e-01
6.785021346829936961e-01
6.406454366912972542e-01
7.250622406263117492e-01
5.832904534681273567e-01
7.079952225129018117e-01
6.374559566900671603e-01
6.412103448499816283e-01
6.284111232330733543e-01
6.332651379913905032e-01
7.091534874205069894e-01
7.158259061354736996e-01
6.720544332205733440e-01
6.312194302974416527e-01
7.181679734336730014e-01
6.842178749242624480e-01
7.011729732176590346e-01
6.687751022934849132e-01
6.346062557271150428e-01
6.401189202190886718e-01
6.068591943057350946e-01
7.039324480369638648e-01
6.019175872188542442e-01
7.110340139686728289e-01
7.284557530486519550e-01
6.429634091388664041e-01
6.897536911842768736e-01
6.460964666904240872e-01
6.492196246145119920e-01
6.714149333845340628e-01
7.128054899500692043e-01
7.715880072190783867e-01
6.010795256758634242e-01
6.200702156063130355e-01
6.695981016018860421e-01
8.628929302914525312e-01
7.161152622307878080e-01
5.785105887000788760e-01
6.414976542893366940e-01
6.981650243523063182e-01
8.060655577952995365e-01
7.336284714078624702e-01
6.395824796946818491e-01
6.120333662980288469e-01
5.704352328090497304e-01
6.668865753384047856e-01
7.343189207369769100e-01
5.990705334088071154e-01
7.345627769150807618e-01
7.319732382143033789e-01
6.280146129711259295e-01
6.779105341411546526e-01
6.445850417431395751e-01
5.981551863972676131e-01
7.237953440169098140e-01
6.479864928185978812e-01
6.510387027538309113e-01
7.205255408567309283e-01
7.468706111944007908e-01
6.948960368692688183e-01
7.666656224383419094e-01
6.984973665526295061e-01
6.956010740323230745e-01
7.377641599315316601e-01
6.809182521617296313e-01
5.773979270832197974e-01
5.925085659300253216e-01
6.544631312002634482e-01
6.340724307386729208e-01
6.976739706046075629e-01
6.388120796959916303e-01
6.635075109640470314e-01
6.603448696572267185e-01
6.011351969407014995e-01
8.306304941666248220e-01
6.423848716635509604e-01
6.499522798918528910e-01
6.466694344687957674e-01
7.769532979538682493e-01
6.884688400589853430e-01
6.445915984069260363e-01
6.287319016288455131e-01
7.460784162020335231e-01
5.647315174999191223e-01
6.220162784549961854e-01
8.010794278431812021e-01
7.049375124227632572e-01
6.604235218314135070e-01
5.599775748909509021e-01
6.748120363951286560e-01
6.405390245850399733e-01
6.845621129451801012e-01
7.168400712618039350e-01
7.565683414735850931e-01
7.132660894285460795e-01
6.423757462666217499e-01
7.705567693050151545e-01
7.281674813236086452e-01
6.581233925972900245e-01
6.670552877772801814e-01
7.734467662521116171e-01
7.720283252776093397e-01
6.935975763008238593e-01
6.645199030315257493e-01
6.613127931945864679e-01
5.968823506435296800e-01
6.882061066493958545e-01
6.413672594370967150e-01
6.814909590882387569e-01
6.377132686296382857e-01
6.699262424395823201e-01
6.534119383502303702e-01
6.313593545673468199e-01
6.626999221867169165e-01
7.477985749100729551e-01
5.714803312967904336e-01
7.034936202739958677e-01
6.842927741876747572e-01
7.242803576760152851e-01
6.202434643338126108e-01
7.084003081543834845e-01
6.673261226692110970e-01
6.278919257036901236e-01
7.408360278686829670e-01
6.153243569343136432e-01
6.823895592564273027e-01
6.885692995849779230e-01
7.224772425999496095e-01
6.444205727126771643e-01
6.338451253588004430e-01
6.552623050745138844e-01
6.584768632994747461e-01
6.437356952610158167e-01
7.262721471307566068e-01
6.485960544914273207e-01
6.818254121441689186e-01
6.255268885617714103e-01
6.938029955785176561e-01
6.774909626080590774e-01
7.213238469541072284e-01
7.219733066397611143e-01
7.108975401960192508e-01
6.326949082836546001e-01
6.404949931012864361e-01
7.091704618568316354e-01
6.046517596251768101e-01
7.295769149743380755e-01
6.285549602784801237e-01
6.110999671407691958e-01
7.273313377011808578e-01
6.829374929998287547e-01
6.717573262586772342e-01
7.702140845347128506e-01
5.794717640511766188e-01
8.070784150408110147e-01
7.592858285934314111e-01
7.780132898682902143e-01
7.183356161741800694e-01
6.766807568462127609e-01
6.228514055207386990e-01
8.213660840495393689e-01
6.527588277430407260e-01
7.772493193079501594e-01
4.553535553775781608e+01
1.929564854866231371e+01
2.530245565039058420e+01
7.601902207772738507e+01
1.626917327763628762e+01
8.415338364713920782e+01
3.141218521456543300e+01
6.913634306782944350e+01
1.804787969601629882e+01
8.685336942941231086e+01
6.390090327421752647e+01
2.859434125969560370e+01
3.599012958728298628e+01
4.936043478717894573e+01
6.061697399701751010e+01
1.564075873543034945e+01
4.001707884819315808e+01
1.609932667274131646e+01
3.771031497493124363e+01
1.192627927070137162e+01
4.680666320097652999e+01
2.829847859579161806e+01
5.115099194059297361e+01
4.090197167366351039e+01
3.512101029960655296e+01
4.634114310630883438e+01
2.196129502459022476e+01
1.396061847155763047e+01
2.060074201018681350e+01
2.871495565385886195e+01
3.739695825670517593e+01
4.188593695645981541e+01
3.411338756423337060e+01
3.556290830696266880e+01
1.906391560206585822e+01
5.046184864936776648e+01
9.350266135992421823e+01
5.884693392917053956e+00
3.522815342155830365e+01
4.475503171833990734e+01
3.114378460664604376e+01
3.724124138913198578e+01
3.100358211029167776e+01
8.102587932761872480e+01
1.141792473584325052e+01
3.700010964104517797e+01
1.613424308501301851e+01
8.805569379021109455e+01
4.313328367066714719e+01
6.243797191757160903e+01
6.119871841902876497e+01
2.707920318337004062e+01
2.565485553045948564e+01
4.007211801552209351e+01
1.773539924557344349e+01
8.469101042067387652e+01
2.973192090776393570e+01
3.654630552857175729e+01
2.616241046167743889e+01
4.333974904289195251e+01
1.521335736096236957e+01
3.782906813790199152e+01
4.432517651704786488e+01
1.697366665124226159e+01
2.911300332561703641e+01
6.431965617177890238e+01
2.040637750712568987e+01
3.694408245648151023e+01
6.617751875721296528e+01
1.403169830789551398e+01
5.538101576125719561e+01
1.905541080691828881e+01
3.572613343910659012e+01
6.725904238529598445e+01
3.462366667277596122e+01
9.066430638278296783e+01
1.451620589668108963e+01
3.429315734247272474e+01
3.139086051515587172e+01
1.596825561244650871e+01
3.705549041110621999e+01
6.112486786486128665e+01
2.101318567002867255e+01
5.115078364728555727e+01
3.082799935613908104e+01
5.803132768349788861e+00
3.809789499322927497e+01
3.215369495739105332e+01
6.587345406483993315e+01
5.610490102810427970e+01
3.719566476498617646e+01
5.585114614182356263e+01
5.593975113215056183e+01
1.286693668546656433e+01
5.945815848583584540e+01
1.600467003811617417e+01
2.185005782007962694e+01
2.787111847226388761e+01
1.640415447475519883e+01
2.800023486823759100e+01
2.731323236076292105e+01
7.159477732191346533e+00
5.711596395796965098e+00
2.935108317464472094e+01
3.068503842525457515e+01
4.039301435877432311e+01
1.144060214284467349e+02
6.011546372999578125e+01
1.981413278025420865e+01
4.419267333399105269e+01
6.029616158402730264e+01
5.368989528622782359e+01
1.808597655298168760e+01
1.837205056669002090e+01
1.881454257225825799e+01
7.017005035617920328e+01
3.994306517696213632e+01
3.122958213603506294e+01
1.524597498005029550e+01
2.271431117022337531e+01
3.050739655157838826e+01
2.786715042366238748e+01
3.213276472399429906e+01
4.790335765835207837e+01
2.503657923905552707e+01
3.046317913642646857e+01
3.191824929627087215e+01
1.123379345786306160e+01
4.184239224526437084e+01
4.697104046654946785e+01
5.174950234567269547e+01
3.507498475423842166e+01
3.750649239578768857e+01
2.320963896682212990e+01
7.947465335972367484e+01
4.796883463302827977e+01
3.764255617085395045e+01
2.030430119313482606e+01
2.578484335515213033e+01
4.356778606325589465e+01
2.259426595782481684e+01
2.054503124864351804e+01
3.441312629105195953e+01
3.438095151908430580e+01
3.609530325686925778e+01
5.993386095798028634e+01
3.918807346748701548e+01
4.705428773405177623e+01
4.501576883871163659e+01
1.620478859993015419e+01
9.527317198789515373e+01
7.796150269479713302e+01
2.819015271345999096e+01
9.154856923759410847e+00
2.826704142230231298e+01
4.428398697840161446e+01
4.837185307700624293e+01
2.446721887111798566e+01
7.383216688387327054e+01
5.564997768125782329e+01
1.840014095067556354e+01
1.389701099197584178e+01
1.597806981140051796e+01
2.623992805414609819e+01
3.945898870300210604e+01
3.741724746861408590e+01
3.016976461346267868e+01
1.353071352888921410e+02
5.895362661914477087e+01
1.856161481434139660e+01
3.872488725727158254e+01
8.169612012201382356e+01
3.595611081340250337e+01
4.834202489972427941e+01
1.523496034112245212e+01
1.771105187953565618e+01
1.175819786427810776e+01
6.290320828678600407e+01
4.647299792228128013e+01
2.745427520095767449e+01
3.325468453705562411e+01
1.786739427597942509e+01
7.268856833909619297e+01
4.799857386486969801e+01
3.543458844374205796e+01
1.672316686913887196e+01
1.920873141195774991e+01
3.204435464470279271e+01
4.961228171950468280e+00
1.502460721332817783e+01
4.709638427086986923e+01
3.206517149071257222e+01
4.365183055628239117e+01
3.623160357843664059e+01
1.843428761293048268e+01
7.038485703484502665e+01
1.982207288957132718e+01
2.642273724696150339e+01
2.635598698582881383e+01
3.175236612922810764e+01
3.499284882344880998e+01
6.275665176050972605e+01
4.398265264758373405e+01
8.488027514924161210e+01
3.834550738396630720e+01
3.773635047217350547e+01
3.408250938709029043e+01
2.516826614097385928e+01
1.221223027808354900e+01
8.254571237499909842e+00
2.263756092672415576e+01
4.163997739855954450e+01
3.896301323987670884e+01
9.758332901417909966e+01
5.068085337140333024e+01
3.400463865390172202e+01
4.941843745553044442e+01
7.566332888074293805e+01
4.407633837852937120e+01
3.544584945525402020e+01
3.647688403732870199e+01
4.793525358123750379e+01
5.144451064886352043e+01
6.292025405504867663e+00
1.361817938361624947e+01
2.296241750979761065e+01
9.454753146260640051e+01
1.637287154126348554e+01
2.764458505546791756e+01
3.543032488029669480e+01
4.730589769805260403e+01
4.790042926774437859e+01
2.227606843156915062e+01
3.805821816324724693e+01
3.199503108206824464e+01
3.000098365313371929e+01
5.440891216504783756e+01
3.651843594162073003e+01
2.208620757024707615e+01
4.927559340604419447e+01
5.109298624786163145e+00
2.966487278081070045e+01
5.890805290644303227e+01
2.430973777341925768e+01
7.659541792786480130e+01
1.509495992291267896e+01
2.847406888744420073e+01
3.414273424541735835e+01
1.608674496065513893e+01
6.013744914516470885e+01
