4.951139822582273919e-01
4.951377977326359425e-01
4.951698364743560288e-01
4.951292404656360002e-01
4.950717984807924688e-01
4.951400841741164793e-01
4.951487694904231351e-01
4.951642735568257403e-01
4.951335666798472035e-01
4.951206890522357185e-01
4.951239865536400386e-01
4.951125233436845519e-01
4.951336643400114368e-01
4.951189430976266070e-01
4.950417651451367584e-01
4.951839387721493346e-01
4.951106992181795730e-01
4.951111125498917076e-01
4.951364091356696417e-01
4.951362065134750634e-01
4.951203464046078917e-01
4.849578004738783754e-01
4.951247583339232761e-01
4.951634288827180819e-01
4.952200918351287728e-01
4.492862249411959108e-01
8.966822169511791119e-01
4.903417875421796635e-01
5.587328603571130037e-01
5.301956000893069954e-01
4.061231177538236481e-01
6.190775760624412927e-01
6.094409126437440039e-01
6.036990998954097076e-01
4.357708425843472289e-01
8.266694280965791730e-01
5.194002263491104276e-01
6.554861725818148521e-01
5.796417355695611118e-01
5.656441726547887239e-01
5.622773007451463689e-01
6.807548518673220972e-01
5.605948382863412682e-01
6.595010179798126426e-01
5.135489588979185172e-01
4.559443638753555295e-01
7.551373113629717970e-01
9.845848820330834750e-01
7.920119484339207538e-01
8.263344275575889020e-01
3.633854287689502471e-01
3.311568553575013341e-01
5.605380543285605199e-01
9.330561995145383314e-01
9.250158504989129948e-01
7.684164387412072417e-01
3.701305998517012696e-01
3.970759504815645213e-01
8.566123860691126080e-01
4.704511763289633275e-01
5.952062675377775003e-01
7.242943739890154164e-01
5.247652016596457969e-01
6.831892360141567089e-01
7.791783575730480971e-01
6.765018543849482535e-01
4.198244137028948053e-01
5.627529669022155456e-01
4.642175286800836465e-01
4.489385054648831752e-01
7.290397915425643749e-01
3.639146082494918999e-01
6.798343265135146085e-01
6.465292227806305192e-01
2.990761147818455368e-01
4.792439510543593517e-01
4.107193735515409783e-01
5.617594077437144673e-01
4.391003509913383729e-01
5.309176218826955340e-01
5.568932706269736910e-01
5.486744668026617422e-01
6.388277906010479956e-01
8.432510212509131131e-01
7.724528006076942788e-01
6.570830610160454111e-01
1.004475031510717598e+00
4.820772227208618976e-01
4.580989139944177668e-01
5.915434112900881392e-01
5.100521313154141589e-01
3.586382944511600224e-01
4.495000466783359849e-01
4.930311237109761269e-01
6.494433570800908218e-01
6.420059412421944556e-01
5.798527010337353182e-01
7.146166280267797211e-01
7.579056143617439734e-01
6.620409446687203214e-01
5.376387767700097076e-01
8.486132832644796009e-01
5.963083690195134512e-01
8.162812371238785669e-01
6.248248304930104080e-01
7.788293823828456031e-01
5.961192090460024628e-01
3.871434119511700800e-01
8.175617129838225194e-01
6.045421542058966313e-01
6.635143970317513018e-01
9.815557783260759894e-01
4.779825900512759129e-01
7.059266982047827099e-01
7.192138144353781293e-01
4.231237110096771059e-01
8.044920890931761548e-01
6.261460994405152469e-01
9.460287601094492516e-01
6.157898773761197875e-01
6.184219700417825649e-01
6.247130650707427568e-01
1.000709495052400255e+00
7.305633141422330779e-01
5.824552073409855479e-01
6.592178465024235434e-01
3.807857461643437968e-01
4.085223875844573582e-01
5.560512711134649733e-01
5.075731015948339309e-01
3.537353014070225843e-01
4.936919276125246170e-01
5.675782798798019169e-01
5.848836500972913743e-01
5.917184239345198993e-01
7.090647840179675754e-01
4.707899591478626466e-01
7.125687235706129607e-01
5.019768335865453235e-01
5.933099262088484815e-01
4.633627568206706848e-01
3.214017558041241118e-01
6.228037465924479710e-01
8.215549574992098147e-01
3.592719658940795591e-01
8.164561083046112389e-01
4.317680406810484595e-01
9.203363487612413740e-01
5.245683167347666709e-01
8.660647797780806068e-01
5.569043546739171902e-01
5.146682041321736234e-01
5.373503127972973914e-01
5.375484183914729375e-01
4.909298901199924403e-01
5.805283676833563611e-01
6.566465604563083147e-01
6.920528265484333641e-01
5.150554295739030453e-01
5.515852146420815449e-01
4.140883869220197688e-01
8.476166847589922115e-01
3.725577113555871844e-01
5.666651050677395940e-01
6.034671233169738302e-01
4.685507566758209119e-01
4.662647115178348289e-01
5.444175838264131428e-01
7.042383473390541049e-01
7.337743894245249976e-01
6.533671847072938244e-01
6.059012025435479565e-01
7.537409197051414544e-01
5.900956987921897046e-01
5.522599092614632887e-01
5.406665778568161551e-01
5.652210859846049651e-01
5.380135588240267941e-01
5.146579474289529887e-01
5.843744672562828368e-01
7.532851521684670315e-01
4.817904352199188223e-01
5.366050826000228202e-01
7.632874890649792299e-01
4.024893088172872280e-01
7.887066091748025087e-01
5.834695650816523749e-01
8.186826310898799308e-01
1.043770953997158690e+00
5.396710156691009175e-01
4.973470535892385302e-01
3.601148321538261698e-01
5.740247702227065929e-01
6.805193926731872844e-01
8.581071464538712057e-01
5.411834428040934730e-01
6.662730877851119615e-01
5.344076083967730373e-01
7.045025712339485491e-01
5.644251930588894961e-01
5.921983468694094199e-01
5.175856132067371274e-01
3.494853308350316934e-01
7.705103419806810239e-01
6.785725599041042555e-01
8.188816858133413090e-01
5.213939991400550200e-01
8.798382814304596122e-01
6.014669468857276602e-01
4.448437294875248194e-01
7.389594008775898226e-01
4.190325621110012611e-01
4.849441136864864332e-01
7.246179819116580489e-01
4.656210261844288545e-01
3.883454756953907405e-01
4.016822673314466297e-01
5.236729636725556691e-01
5.309064618414914838e-01
7.672424571413667405e-01
7.451150769936832896e-01
6.657985315351810929e-01
5.888492426103929533e-01
3.794697490437790588e-01
6.273010471389037779e-01
5.330205051258041227e-01
7.373509743199603284e-01
9.023341428162042765e-01
6.372944539370366535e-01
6.550821908725976694e-01
6.918218760707258719e-01
7.056830402303089222e-01
7.131702953866511097e-01
6.547692727089058362e-01
6.196511050398578746e-01
6.767164342056432025e-01
6.406221549691037964e-01
3.606515762146767501e-01
4.798210651740895671e-01
5.568752190345506170e-01
4.606460005720025008e-01
6.026381794391019175e-01
8.976580241543445915e-01
8.550148633800180864e-01
5.881955725746409458e-01
6.055807010538346580e-01
6.056023455637824515e-01
7.095574398349834278e-01
6.219097442026411127e-01
4.687508860755583706e-01
7.279883353822440029e+01
2.359492552625210848e+01
3.242541020098627769e+01
1.049035721613273040e+02
5.765054485805345408e+00
1.367236716042103524e+02
4.134809153347300281e+01
8.459092296149555068e+01
1.908519912903598836e+01
1.440030684091890976e+02
8.700999396273196851e+01
3.495016670892121624e+01
5.137638864603511735e+01
8.485998698793191863e+01
9.005253855150938591e+01
1.315354836037097996e+01
5.380754681339271173e+01
1.447391312988211531e+01
5.399633566534620144e+01
6.996086040015843110e+00
4.740361663904395328e+01
3.299967035049783703e+01
8.305036198145506887e+01
5.331499751290090927e+01
2.790705164633644131e+01
5.906464105416954169e+01
2.794513103388452535e+01
1.057523997262292248e+01
1.892801788638048777e+01
4.347547701680962717e+01
4.762673971822337649e+01
6.519878164567035128e+01
3.771532997450980673e+01
5.256800827937833276e+01
2.213120345585153714e+01
7.124248314486345635e+01
1.282225582625482900e+02
6.780372174846061029e+00
5.274387755396731592e+01
6.023083790493813439e+01
2.914011333793557768e+01
5.550001462750493175e+01
3.433868555321604532e+01
1.156511813048537505e+02
1.190532467438134923e+01
5.103923544382289634e+01
2.363865720595127939e+01
1.385301951743978748e+02
6.005168247191122077e+01
9.327401984720521000e+01
9.655895717365386588e+01
2.865245016696304248e+01
3.700373954382327213e+01
5.113275371916737555e+01
1.766949251170518664e+01
1.113861366207553658e+02
3.871896581966974793e+01
4.253159421713405663e+01
2.865921102038845447e+01
7.230560925634480895e+01
2.093002854860931095e+01
4.866806889843265083e+01
5.077368773295953730e+01
1.227658166140044038e+01
4.065551320196483687e+01
9.862652946777244267e+01
2.733024145139073724e+01
4.081481594272640478e+01
9.798268881729089230e+01
1.024641610949172765e+01
9.035496884615680813e+01
2.038963964934818307e+01
4.607423096414298413e+01
9.911454297065384367e+01
4.258168660103866188e+01
1.457985327900491939e+02
2.223438323439224362e+01
4.654607370662257182e+01
2.537423932119837033e+01
2.363728208559842869e+01
4.384047774163295941e+01
9.106047482401243087e+01
2.549915744729706191e+01
7.850494627725935004e+01
3.100695949011643648e+01
3.540729145740971084e+00
4.797349511841234460e+01
2.526718883912078795e+01
9.112497561253796619e+01
8.917903753401388656e+01
5.607313832056851766e+01
7.501709789780635163e+01
7.861302131053622588e+01
1.389707335530070154e+01
8.145863619570469893e+01
2.337093764826105868e+01
3.596590464636323503e+01
1.801739645958576475e+01
2.518782388212688517e+01
3.571058510430567168e+01
3.654055868491801817e+01
7.028402973472598347e+00
4.708190592522362827e+00
3.984667446037003913e+01
4.116297278787205016e+01
5.527601168037946877e+01
1.760192371446478887e+02
8.122791545488649945e+01
2.078710279431952301e+01
6.390210452443227496e+01
8.740288709520370958e+01
8.732240885236737427e+01
1.958748917187753946e+01
1.613640436144350687e+01
1.877493213078594891e+01
9.586909316379454538e+01
5.322044425056024863e+01
4.323297232994588768e+01
1.988993111453189755e+01
2.553644260764316343e+01
3.437034877099523555e+01
4.262977111550208065e+01
5.325742632662259268e+01
6.291046913046236710e+01
4.473305487290839721e+01
3.685036274515641708e+01
4.841957684576522070e+01
1.198311663390671988e+01
5.294007695401589331e+01
6.063270524305760745e+01
8.502071786647537976e+01
4.316811709484919390e+01
5.215896482132364298e+01
2.127550446661926031e+01
1.352434818383017898e+02
6.370735490032868142e+01
6.228057817989547829e+01
2.001235453821993815e+01
2.705007272613841707e+01
5.511231704570563750e+01
3.423005804535915786e+01
2.249487365761484980e+01
4.543976897143888749e+01
4.296230293700845237e+01
5.477708830955457842e+01
7.450174761677926938e+01
5.301464368388481319e+01
6.921580201762490958e+01
6.333867999060305465e+01
2.224038221240744662e+01
1.734942979698831209e+02
1.250422264291969583e+02
3.088948344093106968e+01
1.074348666823873621e+01
2.825609093044889164e+01
7.403650628871770323e+01
7.225765014425645916e+01
3.028376588274653969e+01
1.246197503616267568e+02
5.938928423902776643e+01
2.437889290387129648e+01
1.073663431368794363e+01
1.445311982945351303e+01
2.950171845154489603e+01
5.803297606759912242e+01
4.125627328419458451e+01
4.790888808678471378e+01
1.907390561714963155e+02
7.357875856775254420e+01
1.709066515691217347e+01
5.125163809634032219e+01
1.241895893059984672e+02
5.256709780788649056e+01
5.640804088604207323e+01
2.017397169956546676e+01
2.484708142338990911e+01
1.305992503629984469e+01
7.062751469285454675e+01
7.390655793076834357e+01
3.761797895316654916e+01
4.105120559604684871e+01
2.625909562538160813e+01
1.156488219647386444e+02
7.532949180831211322e+01
3.332628638707875979e+01
2.029447659275338722e+01
1.784951697756194022e+01
4.289171206200513353e+01
5.428973719073102444e+00
1.552147177995695770e+01
6.686743988795427640e+01
4.679750790032323238e+01
6.938551970100913024e+01
3.642284913562117055e+01
1.748037222972256188e+01
9.816479793006169530e+01
2.674354261437542490e+01
2.266286625061461990e+01
3.132096802389464685e+01
4.469517956604058639e+01
4.063426329386321356e+01
8.965979478156324944e+01
5.260518720288950334e+01
1.306883650705540276e+02
4.600542119604436664e+01
6.227905033512923438e+01
4.744992679088151277e+01
4.118431833895445493e+01
1.820185610257239972e+01
7.962952257179393811e+00
3.565271969171811861e+01
6.506088094782138853e+01
6.023202832077311086e+01
1.556717222135379757e+02
7.179667099896862226e+01
5.008112316940690079e+01
6.964474744702806674e+01
1.074310238041766326e+02
6.895517694562030897e+01
5.166903596369714080e+01
4.801426500887762217e+01
7.596068688248331569e+01
8.111612907844443043e+01
7.481428633750146773e+00
1.843310322722315320e+01
2.397642537053947365e+01
1.309122862367625544e+02
8.125316609644116284e+00
3.411825643943406305e+01
3.985154762294254738e+01
5.465449717787829798e+01
6.480632868659141366e+01
2.838291180265706970e+01
6.160731872126363129e+01
4.170481435596608577e+01
4.431163926626921779e+01
7.234292894955076747e+01
5.855354180352914284e+01
2.503347839769897476e+01
8.415285942457586543e+01
4.287193288149651060e+00
3.702400663435817307e+01
7.099505610307292613e+01
2.754943717871655195e+01
1.043561747825975772e+02
2.059846426392838126e+01
3.943621417397585560e+01
3.784174085808060539e+01
1.661467641530000705e+01
9.379067780849507585e+01
