-2.539875003884931037e-02 -3.417961567276536772e-02 4.000000000000000083e-02 -7.608257559326418729e-02 -8.047233792656842064e-03 3.441546378385085259e-02 -5.784223659757601471e-02 6.232592104646736929e-03 4.000000000000000083e-02 -3.369012218159281914e-07 -3.311505117998918031e-07 1.481788214983048406e-02 -4.345683814164564636e-07 -1.534658204873899246e-06 5.000000000000000104e-03
-2.539599631394712925e-02 -3.418245087037556640e-02 4.000000000000000083e-02 -7.335170250748612730e-02 -7.759024719557560019e-03 3.840462747952023970e-02 -5.784290280887648822e-02 6.230986260498438782e-03 4.000000000000000083e-02 -1.196024420904404744e-06 -2.613444756100624102e-06 1.219503932546892044e-02 1.110163452037805368e-07 1.186367712283243966e-06 5.000000000000000104e-03
-2.539579293417271177e-02 -3.418140204529888926e-02 4.000000000000000083e-02 -8.340196746449583809e-02 -8.822962910884409732e-03 2.612592036957988098e-02 -5.784323093892507900e-02 6.233300795646650773e-03 4.000000000000000083e-02 -7.320019021265758995e-07 -3.947663121861044109e-07 8.794094128241692135e-03 5.697818273892580879e-07 8.910281399846775790e-08 3.199142599533656706e-02
-2.539727273716317971e-02 -3.418103137198898189e-02 4.000000000000000083e-02 -7.343155760652922415e-02 -7.767630266505658014e-03 3.827915256087446177e-02 -5.784259401360793140e-02 6.231992250603597336e-03 4.000000000000000083e-02 -1.795186855861062192e-06 -1.718300031896561645e-07 5.000000000000000104e-03 5.960786934847273078e-08 1.170677291284106674e-06 5.000000000000000104e-03
-2.539508905792069171e-02 -3.418306573554170946e-02 4.000000000000000083e-02 -8.482695911279690415e-02 -8.973782018546422670e-03 2.483214495820341289e-02 -5.784360087937331224e-02 6.233609817315463771e-03 4.000000000000000083e-02 1.422811928849392171e-07 -1.917843333554178922e-07 1.319190542750871969e-02 6.710806601180297628e-07 -2.468058332696611407e-07 5.000000000000000104e-03
-2.539691029203281977e-02 -3.418200539619213607e-02 4.000000000000000083e-02 -7.321451053281131938e-02 -7.744707193223346157e-03 3.862164228769186108e-02 -5.784315932782180952e-02 6.232948701299058196e-03 4.000000000000000083e-02 3.292803458507519797e-07 -2.248873401521196891e-07 5.000000000000000104e-03 2.641471545771221852e-07 2.893087297089856924e-06 5.000000000000000104e-03
-2.539508846282514942e-02 -3.418299482748279189e-02 4.000000000000000083e-02 -1.039903580136739419e-01 -1.100192948370524657e-02 1.347817573681128062e-02 -5.784313234906229145e-02 6.232403136248724183e-03 4.000000000000000083e-02 1.630866357920425981e-06 -2.770008735320354402e-06 5.000000000000000104e-03 -2.911847943663517509e-06 1.462623143465013858e-06 5.000000000000000104e-03
-2.539596230570299526e-02 -3.418242944747242051e-02 4.000000000000000083e-02 -1.221227767243174972e-01 -1.291938812614069725e-02 8.321904567773716691e-03 -5.784315463339202018e-02 6.232595243069368948e-03 4.000000000000000083e-02 1.048968432330377366e-05 9.990551088288847266e-07 5.000000000000000104e-03 -4.653658439913579374e-07 -5.814394940268422240e-07 2.973660149195810759e-02
-2.539635509799359828e-02 -3.418196263135832996e-02 4.000000000000000083e-02 -8.300909622097341067e-02 -8.780253854323129617e-03 2.649943932804700586e-02 -5.784304504592768792e-02 6.233127701482032816e-03 4.000000000000000083e-02 6.981883608104081562e-07 1.202322198346831154e-07 6.401173740136750084e-03 -5.495361493655001590e-07 -5.784240686406335706e-07 2.395125214184114226e-02
-2.539777996447039124e-02 -3.417917908332922944e-02 4.000000000000000083e-02 -7.863300241378745614e-02 -8.317377406897386374e-03 3.117320460272364480e-02 -5.784272048163802832e-02 6.233967077542756051e-03 4.000000000000000083e-02 3.300193826569360746e-06 -8.775421044928019860e-07 5.000000000000000104e-03 2.161643244287986054e-06 5.947049047847242505e-07 5.000000000000000104e-03
1.173323187599901963e-03 9.419693013824354672e-04 5.000000000000000104e-03 -6.973247875961091635e-02 1.275620040032219606e-02 1.229586215514591810e-02 -5.610757346284839242e-02 8.219049449527666799e-04 4.000000000000000083e-02 -3.242230615526401575e-04 2.113507478007687506e-04 2.387362694125614443e-02 -1.896319700866693067e-04 2.690491648508512232e-04 2.374124921050788442e-02
-2.540029151023360382e-02 -3.417913113770833233e-02 4.000000000000000083e-02 -9.789793620890957504e-02 -1.035582814333137897e-02 1.615456310319759309e-02 -5.784199504170337014e-02 6.232228268741919590e-03 4.000000000000000083e-02 1.268287704802003901e-06 1.001194749251619345e-06 5.000000000000000104e-03 -6.325476979014315141e-07 -2.896281074826720114e-06 5.000000000000000104e-03
-2.539442806002056158e-02 -3.418384743590095060e-02 4.000000000000000083e-02 -9.999829220456170342e-02 -1.057911860073524127e-02 1.515786563649028189e-02 -5.784420827916825214e-02 6.232974185068956320e-03 4.000000000000000083e-02 2.950145394973515352e-06 -4.122976622535581963e-07 5.000000000000000104e-03 -2.111150593988164341e-07 -6.927805112113315318e-07 1.940443270304485768e-02
-2.539688551541097530e-02 -3.418141028015860700e-02 4.000000000000000083e-02 -7.770987762985032132e-02 -8.220190873617846949e-03 3.229888149414771731e-02 -5.784260953444285425e-02 6.233551000686469480e-03 4.000000000000000083e-02 6.196314184315105646e-07 -8.569562778114440239e-07 5.000000000000000104e-03 3.690094877802872660e-07 7.537864939467016324e-07 1.357710910133979980e-02
-2.539837916752540545e-02 -3.418168517856545741e-02 4.000000000000000083e-02 -7.925388717713557907e-02 -8.383316918816833413e-03 3.044898187255216243e-02 -5.784292030152925201e-02 6.233078095588490651e-03 4.000000000000000083e-02 9.168714789670781012e-07 5.183181998474110715e-07 6.217056496385872828e-03 8.898593669261228804e-07 -5.537675107777386462e-07 1.913650878643498657e-02
3.628847442984138940e-05 9.688389276046939264e-05 1.711772349364169485e-02 -5.136927820237732756e-02 -1.662861744206100244e-03 3.314783430906355355e-02 -5.510973094169280967e-02 -1.999450923641109723e-04 4.000000000000000083e-02 8.006003185926388813e-07 1.746950591683263768e-06 6.542492298014720986e-03 3.321448376227010142e-07 5.686206148611840846e-07 8.856443742626663590e-03
-2.539600798087447361e-02 -3.418180098681850021e-02 4.000000000000000083e-02 -7.450422468352750627e-02 -7.879270385610145228e-03 3.664937964504934309e-02 -5.784262371602841291e-02 6.231905936469844635e-03 4.000000000000000083e-02 -6.523100458579243090e-07 -2.869458013499610802e-06 8.400418973860644678e-03 5.551988788026441342e-07 -2.288229179255676084e-06 5.000000000000000104e-03
-2.539653830844054369e-02 -3.418179791900463615e-02 4.000000000000000083e-02 -8.305370760813031439e-02 -8.785038609389275374e-03 2.645670942956847294e-02 -5.784300363709349302e-02 6.232567355618444035e-03 4.000000000000000083e-02 -1.168023123498694247e-06 2.807376331065794040e-07 5.000000000000000104e-03 -8.087839854850568284e-07 -8.888158588634680307e-07 5.000000000000000104e-03
-2.540077292948589652e-02 -3.417761618439683208e-02 4.000000000000000083e-02 -7.835943087096856885e-02 -8.289457513995700244e-03 3.150179399053836676e-02 -5.784243407278041871e-02 6.234381893359094810e-03 4.000000000000000083e-02 3.311761423456987540e-06 -1.953438005679824404e-05 5.000000000000000104e-03 -1.329987586763574306e-07 -4.768888255603037959e-06 5.000000000000000104e-03
-2.539659405548012547e-02 -3.418210969894704826e-02 4.000000000000000083e-02 -8.337697746607544702e-02 -8.817963919270827705e-03 2.615045354316513845e-02 -5.784256110412274582e-02 6.230810941594455872e-03 4.000000000000000083e-02 3.621737798972555061e-07 -2.897656360997628310e-07 2.560658867867728408e-02 -3.201346731935162447e-06 -6.486864855347573811e-06 5.000000000000000104e-03
-2.539921724403617839e-02 -3.417995384084417110e-02 4.000000000000000083e-02 -7.911423682847419647e-02 -8.368027336284640863e-03 3.061004319396788687e-02 -5.784239952257673456e-02 6.234006715248413717e-03 4.000000000000000083e-02 -1.027651477488446610e-06 -4.131284688403563856e-06 5.000000000000000104e-03 9.272685711705985985e-07 -1.736871278749432773e-06 5.000000000000000104e-03
8.266882893357526600e-05 -9.804600398750298472e-06 1.375399560159866995e-02 -8.320381966358063319e-02 -2.708343944313408927e-03 7.800524682584812977e-03 -5.511028882383809530e-02 -1.996056454199061296e-04 4.000000000000000083e-02 -6.115432270773424610e-07 7.875388879523199457e-08 1.581436197173811953e-02 -1.519818633582239414e-06 -1.256799144072637148e-06 5.000000000000000104e-03
-2.539371497956021892e-02 -3.418384445763739121e-02 4.000000000000000083e-02 -7.327364279288577087e-02 -7.751542848872599104e-03 3.852644721006805162e-02 -5.784384722309401927e-02 6.235066186297402030e-03 4.000000000000000083e-02 -2.348877108255924697e-06 -4.719295291903461261e-06 5.000000000000000104e-03 -3.771348936783565890e-06 3.208839794117878425e-06 5.000000000000000104e-03
-2.539662582934612556e-02 -3.418257162223758278e-02 4.000000000000000083e-02 -7.953716955914297282e-02 -8.413179982584159666e-03 3.012399481650756064e-02 -5.784305190532719465e-02 6.232438799249373149e-03 4.000000000000000083e-02 1.636578903782322964e-06 2.751286960677766487e-06 5.000000000000000104e-03 9.901903407935658623e-07 1.714718381145015370e-06 1.968432588630652028e-02
-2.539602895258873116e-02 -3.418206939653868626e-02 4.000000000000000083e-02 -8.367879785645325474e-02 -8.851991966930433317e-03 2.586805788251618499e-02 -5.784318150620088028e-02 6.232654068711197988e-03 4.000000000000000083e-02 2.950855141938693874e-07 3.540676883735398598e-07 1.804639917382399109e-02 -2.440370894567297823e-07 1.239343325454822464e-07 5.000000000000000104e-03
-2.539473265444105662e-02 -3.418276545533673050e-02 4.000000000000000083e-02 -7.239867511719122461e-02 -7.659377643572271195e-03 3.994029162088046786e-02 -5.784311815988070482e-02 6.232882282301828100e-03 4.000000000000000083e-02 2.093315213256758086e-06 -4.825134331168527259e-06 5.000000000000000104e-03 -1.609860387591056750e-07 1.023677639713722697e-07 2.007869275453962044e-02
-2.539606833997236010e-02 -3.418193577637747282e-02 4.000000000000000083e-02 -7.739451037717667847e-02 -8.186328010004446584e-03 3.269490223338131912e-02 -5.784309244463079619e-02 6.232708106329306469e-03 4.000000000000000083e-02 -5.171695651008031958e-07 7.774905587872629359e-07 5.000000000000000104e-03 7.377192536939912538e-07 5.966793180460360101e-07 5.000000000000000104e-03
-2.539608072047132292e-02 -3.418185033812135704e-02 4.000000000000000083e-02 -7.286795868775491902e-02 -7.707908885421875002e-03 3.917410569538544440e-02 -5.784310016443761776e-02 6.232832435852933388e-03 4.000000000000000083e-02 -5.785738620161256600e-08 2.013954064321254004e-08 3.252663540700471284e-02 -3.480651785674820024e-08 -1.081918194615177057e-08 1.963609950046883018e-02
-2.539708474762085791e-02 -3.418292735980554831e-02 4.000000000000000083e-02 -8.024286866637823923e-02 -8.487034932514785079e-03 2.933763274786856112e-02 -5.784231044868049648e-02 6.233644955134768142e-03 4.000000000000000083e-02 9.732135672183932546e-06 3.555158086625966736e-06 5.000000000000000104e-03 1.707867922212463483e-06 8.603663880620534162e-07 2.582728052745813380e-02
-2.539095859970809735e-02 -3.418680377467409742e-02 4.000000000000000083e-02 -8.156863009023257449e-02 -8.630251233999606392e-03 2.792835695558060216e-02 -5.784404972246953019e-02 6.231389634230650142e-03 4.000000000000000083e-02 -1.066806665009021358e-06 -1.087707882441638939e-06 1.636105484905093013e-02 4.287251281252917474e-06 1.405169656692298184e-06 5.000000000000000104e-03
-2.539591691509126073e-02 -3.418158972555087466e-02 4.000000000000000083e-02 -9.424615773640332428e-02 -9.968520241205681975e-03 1.810580115589119354e-02 -5.784304941850514081e-02 6.233514920281533166e-03 4.000000000000000083e-02 -7.665797414463331982e-07 -1.198973201839952241e-07 3.468154934543768442e-02 -2.801254886284995044e-07 1.045105706090917480e-07 2.688414846612407691e-02
-2.540315860483094434e-02 -3.417624351428229929e-02 4.000000000000000083e-02 -1.339371606195141340e-01 -1.416708941089534282e-02 6.308213608442663455e-03 -5.784146247568346805e-02 6.230763564306436054e-03 4.000000000000000083e-02 5.063725756886969861e-06 3.251361302927792804e-06 5.000000000000000104e-03 -2.561258831041274851e-06 -3.423395148002095868e-06 5.000000000000000104e-03
-2.539517400384265142e-02 -3.418179980023686171e-02 4.000000000000000083e-02 -8.199020210773313999e-02 -8.674287773928746753e-03 2.749919878939805981e-02 -5.784363232374229585e-02 6.235182565377638507e-03 4.000000000000000083e-02 -2.197463684442321195e-07 1.120733698268586496e-06 5.000000000000000104e-03 2.215535794260420956e-06 -9.620178478684547345e-08 1.420699367528826217e-02
-2.539615678618011713e-02 -3.418192583716224420e-02 4.000000000000000083e-02 -7.890150278656492266e-02 -8.346441016543986249e-03 3.085693905848832519e-02 -5.784310293008194936e-02 6.232004438537084440e-03 4.000000000000000083e-02 -3.221813767848966275e-07 -6.224727542747631141e-07 1.291351755790142060e-02 5.454261955694383822e-08 -1.145589182185052162e-06 5.000000000000000104e-03
-2.539627195433724616e-02 -3.418224613532966361e-02 4.000000000000000083e-02 -7.236430223571287124e-02 -7.654416693081676944e-03 3.999840613827652241e-02 -5.784307317002664733e-02 6.232888581906771697e-03 4.000000000000000083e-02 -6.358651160658734417e-08 -2.737205444711876533e-07 2.069185946053352099e-02 1.950334215731822396e-06 -2.973948989000084872e-06 5.000000000000000104e-03
3.365791534030272507e-04 -3.982433962836652406e-05 1.395974422183136887e-02 -8.352780882899296655e-02 -2.724647604948362417e-03 7.710542787570552961e-03 -5.511046598436219329e-02 -1.995725791135510786e-04 4.000000000000000083e-02 -2.789776156011501718e-06 -4.796754966820125970e-07 1.018918587905712561e-02 -7.970078637886518283e-08 4.046339169801960111e-07 1.869995559626288356e-02
-2.539365167537663281e-02 -3.418356685316419064e-02 4.000000000000000083e-02 -7.554601883249291439e-02 -7.991622761965810201e-03 3.515433791450844198e-02 -5.784378500613057694e-02 6.232919235438625152e-03 4.000000000000000083e-02 8.055116693059053506e-07 6.597793482949309244e-06 5.549106464141776059e-03 -8.679426917862078779e-07 -2.893566213962335588e-06 5.000000000000000104e-03
-2.539626552833668810e-02 -3.418125584456374599e-02 4.000000000000000083e-02 -8.953442210866015272e-02 -9.470118515912393994e-03 2.111725287810336388e-02 -5.784309149696639785e-02 6.234712700539586303e-03 4.000000000000000083e-02 -8.408172523533047135e-07 -1.652730948288786461e-07 1.093254003334722356e-02 9.024806566327049872e-09 2.671676279557883223e-07 2.868809642022433076e-02
6.851019427453463944e-08 2.652344628374172568e-08 2.136897363879752473e-02 1.251404982151968926e-04 2.912129196197244563e-05 1.401482097177987433e-02 -5.615274094274749772e-02 -1.384966242831336210e-04 4.000000000000000083e-02 9.720832854393801416e-08 -4.119783395925075111e-07 3.468346372495222096e-02 1.438625444825489566e-06 -8.750478336168892958e-07 5.000000000000000104e-03
-2.539623528664099530e-02 -3.418224697028343639e-02 4.000000000000000083e-02 -7.855537552837768556e-02 -8.309598474701350782e-03 3.126707010203570031e-02 -5.784310755124666414e-02 6.232966924391529842e-03 4.000000000000000083e-02 3.043056189783988000e-07 -1.033914313038854354e-07 1.495510091549778764e-02 -5.436271835775118579e-08 -1.445181560215301556e-08 5.000000000000000104e-03
-2.538875814024453559e-02 -3.418630111297166208e-02 4.000000000000000083e-02 -8.152562442081030814e-02 -8.627610142272632010e-03 2.797026195881145705e-02 -5.784499745931599018e-02 6.232605905499715576e-03 4.000000000000000083e-02 3.502627073504004921e-06 4.014288706561051489e-07 5.000000000000000104e-03 -8.754324549019394289e-07 3.106678925637378252e-06 5.000000000000000104e-03
-2.539609356250945721e-02 -3.418219670071410976e-02 4.000000000000000083e-02 -7.541552782784499698e-02 -7.977071453792301120e-03 3.533706082574798735e-02 -5.784295489056924533e-02 6.232208083889159873e-03 4.000000000000000083e-02 -3.825688959225445372e-08 4.343175005787240094e-07 5.000000000000000104e-03 5.208453590795035264e-07 6.599466274968925790e-07 1.588783990998209744e-02
-2.539461694107474424e-02 -3.418154607479020890e-02 4.000000000000000083e-02 -7.886086717710590055e-02 -8.341910000336787145e-03 3.090375171589965914e-02 -5.784334439168695857e-02 6.233407023928985366e-03 4.000000000000000083e-02 1.571984816217384360e-07 1.589963616414642075e-06 2.764629573932518222e-02 -5.751286398614891810e-07 8.443510263601112378e-06 5.000000000000000104e-03
-2.539699242646463462e-02 -3.418062354651501406e-02 4.000000000000000083e-02 -7.237105106161835499e-02 -7.654737745381206410e-03 3.998644316089122047e-02 -5.784324824956988548e-02 6.232774917550467850e-03 4.000000000000000083e-02 -6.361046184173354175e-07 -3.747918370348540587e-06 5.000000000000000104e-03 1.810232110193318603e-06 -2.053166690975205303e-06 5.000000000000000104e-03
-2.539665819242053341e-02 -3.418227276310586288e-02 4.000000000000000083e-02 -7.659289586559557550e-02 -8.101967939142503197e-03 3.373276842386119245e-02 -5.784319366912403504e-02 6.231925205151072483e-03 4.000000000000000083e-02 1.423087692284861004e-06 1.346746833225397703e-06 1.132610268673082086e-02 5.139338453535834433e-06 8.181193925238525963e-07 5.000000000000000104e-03
-2.417080214555015344e-02 -3.619165216869904556e-02 3.780143405211221913e-02 -7.546258716039305758e-02 -9.635808335920819853e-03 3.515324362333699382e-02 -5.850196255149471558e-02 7.811948442807866745e-03 4.000000000000000083e-02 3.744310666523113871e-03 1.083465017229090803e-03 9.586223238705667699e-03 2.594427928235169996e-03 4.177119283196968559e-04 5.000000000000000104e-03
-2.539535077692825840e-02 -3.418301879134835741e-02 4.000000000000000083e-02 -8.427118213828672932e-02 -8.914312914800152921e-03 2.532672614222181845e-02 -5.784321856417504182e-02 6.233076340307828513e-03 4.000000000000000083e-02 8.055352613154230658e-07 6.534719026713577897e-08 7.529879203084854228e-03 9.779994366514475223e-08 2.934885533564737181e-07 2.875090867308826431e-02
-2.539660012268734474e-02 -3.418176174551518925e-02 4.000000000000000083e-02 -8.120888437678271121e-02 -8.589732007270908798e-03 2.830113438936859155e-02 -5.784297706235711628e-02 6.232798421244209984e-03 4.000000000000000083e-02 6.583085109248334179e-07 8.759829943044267062e-07 5.000000000000000104e-03 -1.386168900331203869e-06 -1.450444741214144860e-06 5.000000000000000104e-03
-2.539447308886330287e-02 -3.418332490615163394e-02 4.000000000000000083e-02 -7.428863566998118728e-02 -7.858108702316977945e-03 3.696950203704509053e-02 -5.784339850320650844e-02 6.232332642834859278e-03 4.000000000000000083e-02 1.201052062660037176e-07 -3.626187903763555902e-07 2.173440511575569500e-02 -1.333183337940680234e-09 6.881943303010043884e-08 2.725072429454770268e-02
-2.539529926759994879e-02 -3.418165734408802614e-02 4.000000000000000083e-02 -8.954706632710046632e-02 -9.472647020488356509e-03 2.110784996769156027e-02 -5.784337640692770871e-02 6.232496630146590853e-03 4.000000000000000083e-02 -1.106817578396932513e-07 -2.727513752579502304e-06 5.000000000000000104e-03 2.754822518519988890e-06 -7.685149292185480301e-07 5.000000000000000104e-03
-2.539622683471749742e-02 -3.418178190497438845e-02 4.000000000000000083e-02 -9.931809777322003763e-02 -1.050700336419168462e-02 1.547111872688311171e-02 -5.784322299627562419e-02 6.233728368774360019e-03 4.000000000000000083e-02 3.036060530810643148e-07 -9.106475441058114646e-07 5.000000000000000104e-03 -4.215050547874799389e-07 -6.064717680733046779e-07 1.340599260830985066e-02
-2.539416028088776686e-02 -3.418385518193606254e-02 4.000000000000000083e-02 -7.950715190177803926e-02 -8.410098099464439689e-03 3.015742041539626328e-02 -5.784334875207164384e-02 6.232503153718932896e-03 4.000000000000000083e-02 -1.022276645671203120e-06 5.531537553115852147e-07 1.168805486750943215e-02 -9.646764720068476726e-08 -2.695908087791370495e-07 8.739677122122344738e-03
-2.539571513223676247e-02 -3.418269528573625315e-02 4.000000000000000083e-02 -8.895966949771066945e-02 -9.411633815722835611e-03 2.152953109872882478e-02 -5.784365061121572726e-02 6.234471777007920788e-03 4.000000000000000083e-02 3.004238357031601194e-06 1.077999058287296703e-06 5.000000000000000104e-03 -2.944171417876408140e-07 1.244752702465169405e-06 5.000000000000000104e-03
-2.540024102954663299e-02 -3.417832580297618800e-02 4.000000000000000083e-02 -8.308328834933637053e-02 -8.788251036310821065e-03 2.642828921266543798e-02 -5.784192351023838968e-02 6.232929528386476833e-03 4.000000000000000083e-02 -1.637440179602418664e-06 -3.586867620307712438e-06 5.000000000000000104e-03 1.990422365546209786e-06 1.314272220008353315e-06 5.000000000000000104e-03
-2.539260979082384045e-02 -3.418417706299078929e-02 4.000000000000000083e-02 -8.441972261489424922e-02 -8.931543166724058291e-03 2.519208637872347167e-02 -5.784393486795712941e-02 6.233745217500566774e-03 4.000000000000000083e-02 -1.513847053143275075e-05 -9.123808035902342746e-06 5.000000000000000104e-03 -1.615604165850888015e-07 1.647127399097215713e-06 9.176631277000754996e-03
-2.539597517848328490e-02 -3.418175317343641328e-02 4.000000000000000083e-02 -1.036468852785113054e-01 -1.096332818845569858e-02 1.361250978573564502e-02 -5.784309629857061624e-02 6.232832937726914130e-03 4.000000000000000083e-02 -2.111553409780325407e-06 1.205311952576244427e-06 5.000000000000000104e-03 -4.011203789596806609e-06 -2.692730416035856465e-06 5.000000000000000104e-03
-2.539650135135668521e-02 -3.418153890331964567e-02 4.000000000000000083e-02 -9.057100151981546665e-02 -9.580308259592175066e-03 2.040056153644112524e-02 -5.784301550858970964e-02 6.233046363583453174e-03 4.000000000000000083e-02 -3.404233783264284228e-06 -3.433464672111442426e-06 5.000000000000000104e-03 -5.739741870848098010e-07 2.355171192846139878e-07 8.181531836692344448e-03
-2.539441719582002585e-02 -3.418223388972470994e-02 4.000000000000000083e-02 -1.147730235171435242e-01 -1.213975679180728275e-02 1.002488548801685857e-02 -5.784353210024525960e-02 6.231662863209445555e-03 4.000000000000000083e-02 -4.445549640931584317e-06 -1.667662514261419414e-07 5.000000000000000104e-03 1.450925504416418052e-06 -1.769425705797031236e-06 5.000000000000000104e-03
-2.539930383832819313e-02 -3.417963955763145961e-02 4.000000000000000083e-02 -9.032715094001866896e-02 -9.553438889648610891e-03 2.056646627791868312e-02 -5.784238624315982819e-02 6.232213505076457556e-03 4.000000000000000083e-02 3.308320072824416867e-06 1.933167710368216601e-06 5.000000000000000104e-03 -2.403160804800350247e-06 1.134253901352201221e-06 5.000000000000000104e-03
-2.539613235476071915e-02 -3.418038571761019412e-02 4.000000000000000083e-02 -1.186044073230012735e-01 -1.254631137696911834e-02 9.084425114179752597e-03 -5.784336051984568378e-02 6.235296840902330821e-03 4.000000000000000083e-02 6.366185644616549505e-06 -2.794775889780830128e-06 5.000000000000000104e-03 4.717319951694565937e-06 9.557768888266614212e-07 5.000000000000000104e-03
-2.539687588575930896e-02 -3.418267973985075758e-02 4.000000000000000083e-02 -9.399559167171767093e-02 -9.940585990129651925e-03 1.825200682456619081e-02 -5.784362648464418111e-02 6.232420604812998095e-03 4.000000000000000083e-02 6.396189802602842367e-07 -3.111024568107529265e-07 2.118892318158882918e-02 1.006238578647256805e-06 -7.361294848676618480e-07 1.442828598952371894e-02
-2.539710295943211835e-02 -3.418098427383282206e-02 4.000000000000000083e-02 -1.003836854077979068e-01 -1.061826893169225648e-02 1.498366985621527037e-02 -5.784294016478815081e-02 6.232347508268938283e-03 4.000000000000000083e-02 1.633758974203485660e-06 5.061304403971856086e-07 5.000000000000000104e-03 9.076173031040175328e-07 -1.297351535866900439e-06 5.000000000000000104e-03
-2.539695702133754757e-02 -3.418056996393566832e-02 4.000000000000000083e-02 -7.847287287415541379e-02 -8.299925581684897830e-03 3.136483013887985533e-02 -5.784252916656310722e-02 6.231902335743978727e-03 4.000000000000000083e-02 -2.132376909578727742e-06 -1.490087030486329152e-07 5.000000000000000104e-03 2.282595371396291149e-07 2.957227677436285663e-06 1.122315877580926970e-02
-2.539546314191340470e-02 -3.418285423025636816e-02 4.000000000000000083e-02 -8.190664311971505851e-02 -8.664453252046436585e-03 2.758399383717435871e-02 -5.784315289963529866e-02 6.232764627919402250e-03 4.000000000000000083e-02 -1.705694086598980587e-06 4.854153055038700198e-08 1.066832948159392516e-02 -6.311173304386293995e-09 -1.473358944837223340e-07 3.094932217743173383e-02
-2.539793542007678234e-02 -3.418002259392015352e-02 4.000000000000000083e-02 -7.256215897609555321e-02 -7.676500218862910598e-03 3.967088831953177741e-02 -5.784298756653678125e-02 6.233192922523683559e-03 4.000000000000000083e-02 4.015854054639737243e-07 -2.338523774951861411e-07 1.906412808064970876e-02 -3.485328733501895237e-06 -5.907179745560669386e-06 5.000000000000000104e-03
-2.539562768785268501e-02 -3.418198040322281694e-02 4.000000000000000083e-02 -7.788569667974987176e-02 -8.239221340283863285e-03 3.208127640240559381e-02 -5.784338261001546744e-02 6.235082788458442063e-03 4.000000000000000083e-02 -1.345100182104817858e-06 -8.662691679673617428e-07 2.706517452380096528e-02 -3.726088251702635737e-08 -1.855683931887020602e-07 1.872811652014606809e-02
-2.539592020667215400e-02 -3.418409043671528924e-02 4.000000000000000083e-02 -8.514006328251702560e-02 -9.005362970897093020e-03 2.456003005822319368e-02 -5.784462851929204202e-02 6.232160453125786502e-03 4.000000000000000083e-02 3.666796456154867316e-07 6.098661933500028565e-07 5.000000000000000104e-03 7.794585146814629694e-07 -1.219827528628772744e-06 1.192072618617423876e-02
-2.539660598511415956e-02 -3.418140995283920625e-02 4.000000000000000083e-02 -7.492390211592615812e-02 -7.924813458604297936e-03 3.603703897188356015e-02 -5.784283956033731133e-02 6.232899478103154367e-03 4.000000000000000083e-02 2.321494269700097763e-07 8.578370337156775605e-07 5.000000000000000104e-03 2.804363527803236827e-06 1.051035923738580702e-06 5.000000000000000104e-03
-2.539880749961651377e-02 -3.417935604945917388e-02 4.000000000000000083e-02 -8.666244083035322399e-02 -9.166819816362590037e-03 2.328699599648964558e-02 -5.784237667834075253e-02 6.233044624091872883e-03 4.000000000000000083e-02 -2.968636088435866091e-06 9.641380327770221910e-07 5.000000000000000104e-03 3.888074598455962558e-06 -2.430024922867443064e-06 5.000000000000000104e-03
-2.539661475969838891e-02 -3.418106250237560456e-02 4.000000000000000083e-02 -7.282819875491824968e-02 -7.703351076366085973e-03 3.923805469718229938e-02 -5.784289776581365283e-02 6.232359969654147590e-03 4.000000000000000083e-02 3.615514946453563858e-07 -5.185888048738460295e-07 5.000000000000000104e-03 1.061207694312962432e-07 -1.235081525659236894e-06 5.000000000000000104e-03
-2.539551989192538606e-02 -3.418293968802144089e-02 4.000000000000000083e-02 -7.295264834313221203e-02 -7.716750643092705475e-03 3.903864013800213695e-02 -5.784335222685463296e-02 6.233596147606191261e-03 4.000000000000000083e-02 -1.208246504442635126e-06 1.371783256184496876e-06 5.000000000000000104e-03 4.910208959073056177e-08 -9.483419738670948075e-07 5.000000000000000104e-03
-2.539571865282458027e-02 -3.418211877277405053e-02 4.000000000000000083e-02 -9.570798506304636910e-02 -1.012394580119143142e-02 1.728875564797452760e-02 -5.784321870555608758e-02 6.232952388053342868e-03 4.000000000000000083e-02 -4.957641142881090801e-07 -4.632191533945045755e-07 5.000000000000000104e-03 8.991926613157071110e-08 7.116345427068097520e-07 5.000008701356967525e-03
-2.539618824669616359e-02 -3.418192279828733554e-02 4.000000000000000083e-02 -8.080799167077985790e-02 -8.547719642406768903e-03 2.872421077650983562e-02 -5.784303592916840986e-02 6.232533569906301141e-03 4.000000000000000083e-02 1.067134317537024491e-07 6.679092015516691870e-07 5.000000000000000104e-03 7.246575297085816153e-08 -1.554148221786614069e-06 5.000000000000000104e-03
-2.539622788349156154e-02 -3.418120488973799831e-02 4.000000000000000083e-02 -7.928100468693201341e-02 -8.386031013372235998e-03 3.041532782848737140e-02 -5.784290360848697715e-02 6.231797607172737292e-03 4.000000000000000083e-02 6.835703211434563841e-07 -6.142977880061054247e-07 5.000000000000000104e-03 2.512477285231014426e-07 -2.162367905086695281e-06 5.000000000000000104e-03
-2.539648639200620117e-02 -3.418195223152539070e-02 4.000000000000000083e-02 -7.455677035380002537e-02 -7.886736364933925186e-03 3.657244592853669402e-02 -5.784299888264978623e-02 6.233013880318808222e-03 4.000000000000000083e-02 -3.314481298566053286e-07 4.867375038857497675e-06 5.000000000000000104e-03 1.618135684821577989e-06 4.269914828381719190e-06 5.000000000000000104e-03
-2.539742497689713788e-02 -3.418138740944979409e-02 4.000000000000000083e-02 -7.720971831558744169e-02 -8.166663246925802075e-03 3.293073361060820659e-02 -5.784303411314338506e-02 6.232499902027477737e-03 4.000000000000000083e-02 1.427526151598213405e-07 9.026349649699387357e-08 1.535665822356378774e-02 -1.279800834006808947e-06 -3.779843450214106495e-07 5.000000000000000104e-03
-2.539749247532460327e-02 -3.418214876466064284e-02 4.000000000000000083e-02 -1.092722381525837588e-01 -1.155524076715134553e-02 1.161701813687860199e-02 -5.784245881350057183e-02 6.231477976722424317e-03 4.000000000000000083e-02 -3.419070346154888671e-06 4.458818514730376621e-06 5.000000000000000104e-03 -9.221613087966870826e-08 1.442977124121174857e-06 1.482748470995109112e-02
-2.539385203837035351e-02 -3.418316894822711477e-02 4.000000000000000083e-02 -8.684032302064952080e-02 -9.187805435636927850e-03 2.314385736173578401e-02 -5.784390099146976411e-02 6.235359538108959515e-03 4.000000000000000083e-02 1.166771650711590202e-05 1.002307843124648406e-06 5.000000000000000104e-03 4.275897139411124280e-06 3.347456955295861784e-06 5.000000000000000104e-03
-2.539827525807740807e-02 -3.417906523844425892e-02 4.000000000000000083e-02 -7.870979317124018881e-02 -8.324368756188024049e-03 3.108231913790330744e-02 -5.784277494827574223e-02 6.235103109356040368e-03 4.000000000000000083e-02 5.657939559855032857e-06 4.179052904499768691e-06 5.000000000000000104e-03 -1.449260706674367837e-06 -1.932610664553942678e-06 5.000000000000000104e-03
-2.539495902378498954e-02 -3.418217147766237918e-02 4.000000000000000083e-02 -7.408119196085737046e-02 -7.838144424079122527e-03 3.727950177003930277e-02 -5.784422013706413956e-02 6.233827318978760884e-03 4.000000000000000083e-02 -5.648231733323201727e-06 2.032766655398572306e-06 5.000000000000000104e-03 -3.712923774293542347e-06 2.118165370008862354e-06 5.000000000000000104e-03
-2.539363580555247316e-02 -3.418329167508564470e-02 4.000000000000000083e-02 -8.267668054110076381e-02 -8.746275758341222686e-03 2.681946001763366519e-02 -5.784350119484796965e-02 6.232058368086677846e-03 4.000000000000000083e-02 3.329910916380737371e-06 -2.812488539844700855e-06 5.000000000000000104e-03 7.761496336012808601e-07 -6.759752320888888129e-07 5.000000000000000104e-03
-2.539524624668560229e-02 -3.418256789499184156e-02 4.000000000000000083e-02 -9.546826279556015760e-02 -1.009908816975851192e-02 1.741932472483190275e-02 -5.784317961204678976e-02 6.233151897427515256e-03 4.000000000000000083e-02 1.416961023153724525e-06 -5.471254353388331507e-07 5.000000000000000104e-03 -1.239182746763519963e-06 2.522764887532952295e-06 5.000000000000000104e-03
-2.539567332209639872e-02 -3.418269381805292412e-02 4.000000000000000083e-02 -1.072703154966529737e-01 -1.134693524138940049e-02 1.227923079721112386e-02 -5.784302783535367337e-02 6.231369619539657914e-03 4.000000000000000083e-02 -2.545109022764995586e-06 -5.518202316218362861e-06 5.000000000000000104e-03 -2.950839700887554364e-06 -5.544985918409420376e-06 5.000000000000000104e-03
-2.539601719532711549e-02 -3.418171411060180048e-02 4.000000000000000083e-02 -8.482379296699096849e-02 -8.972835817728723462e-03 2.483442147664151681e-02 -5.784318982864778552e-02 6.233893276885577733e-03 4.000000000000000083e-02 -5.141736913234692297e-07 1.209117584312086154e-06 5.000000000000000104e-03 4.524989610992007385e-07 -9.532873754199429363e-07 1.503122524923042498e-02
-2.538828209880870240e-02 -3.418821840633026049e-02 4.000000000000000083e-02 -1.068189881359880994e-01 -1.129966510894765686e-02 1.243536865645034420e-02 -5.784419293845690507e-02 6.232350877986380863e-03 4.000000000000000083e-02 1.020485845448114962e-06 -4.130618492095282155e-07 5.000000000000000104e-03 -1.508475828186078341e-06 -2.588503483164415136e-07 5.000000000000000104e-03
-2.539561004523328488e-02 -3.418150350057940629e-02 4.000000000000000083e-02 -7.821093305453825917e-02 -8.271969648270149911e-03 3.168121775495338216e-02 -5.784308845034300678e-02 6.233459031530706219e-03 4.000000000000000083e-02 -5.161150669008386381e-08 1.052578821680296289e-07 2.751752871780212273e-02 9.502906195601422429e-08 -1.060080047201699574e-07 2.199511717425631924e-02
-2.539872186825839831e-02 -3.417939425162284939e-02 4.000000000000000083e-02 -7.544292644814204474e-02 -7.979452311702240133e-03 3.529774412260718724e-02 -5.784197447901543582e-02 6.231210450360411338e-03 4.000000000000000083e-02 -4.062543914666712673e-06 2.119445485179684616e-06 5.000000000000000104e-03 -1.513761157786236137e-06 2.110015415979760715e-06 5.000000000000000104e-03
-2.539675326103419534e-02 -3.418137634492532384e-02 4.000000000000000083e-02 -8.206140354534219306e-02 -8.679909030405438125e-03 2.742802442901039542e-02 -5.784290073531520027e-02 6.232883908582656854e-03 4.000000000000000083e-02 -9.637945463618453841e-07 1.189441949235694347e-06 5.000000000000000104e-03 -6.919905308365645280e-07 1.027206379440016932e-06 5.000000000000000104e-03
-2.539778618347481379e-02 -3.418101227463916231e-02 4.000000000000000083e-02 -9.091752714942301361e-02 -9.615774344818674157e-03 2.016838708241946998e-02 -5.784291630224890068e-02 6.230716616736820326e-03 4.000000000000000083e-02 -5.311409693148594557e-07 2.108943178186119791e-06 8.615030272494966779e-03 -8.292606819388952958e-07 -1.157674517470330016e-06 1.775656496933506953e-02
-2.539495633502017458e-02 -3.418271322486837044e-02 4.000000000000000083e-02 -1.036267321152219284e-01 -1.096199866184761375e-02 1.362051902341599417e-02 -5.784344699778155158e-02 6.233316600741909373e-03 4.000000000000000083e-02 8.877192356318146753e-07 1.905872745833734911e-06 5.000000000000000104e-03 6.811992645807763083e-07 1.510965253153061258e-06 5.000000000000000104e-03
-2.539563745702884054e-02 -3.418140077583235042e-02 4.000000000000000083e-02 -8.860594600202106874e-02 -9.372039407674179548e-03 2.178802760466449356e-02 -5.784280741677279986e-02 6.232900848989476363e-03 4.000000000000000083e-02 3.305541559624102063e-07 1.031395474798214605e-07 3.494903448873599994e-02 9.210651270086147289e-08 1.374175570050335473e-07 1.716728846506532929e-02
-2.539571514075323819e-02 -3.418209971541946723e-02 4.000000000000000083e-02 -8.294601228525545766e-02 -8.774061378813719642e-03 2.655956703142704420e-02 -5.784312240316743375e-02 6.232475567173484735e-03 4.000000000000000083e-02 -4.884810963255334982e-06 8.476506688126689641e-07 5.000000000000000104e-03 1.209865814260105742e-07 3.221414992528822516e-07 8.487495160396809832e-03
-2.539488927280737773e-02 -3.418284428186819934e-02 4.000000000000000083e-02 -1.033721850286525717e-01 -1.093589814362783998e-02 1.372134546964922167e-02 -5.784356861257795857e-02 6.233054294733566571e-03 4.000000000000000083e-02 4.302730838656670510e-07 1.784676752844327829e-07 2.299709790616295824e-02 7.948615804073798335e-07 -1.291224648933976290e-06 5.000000000000000104e-03
-2.539608499399077443e-02 -3.418145174217425419e-02 4.000000000000000083e-02 -7.537724642745173564e-02 -7.973283143394046049e-03 3.539012382259281581e-02 -5.784317112544264811e-02 6.232157164387260202e-03 4.000000000000000083e-02 5.006703424742892356e-09 -1.787858296739928578e-06 5.000000000000000104e-03 -1.710892368865158873e-06 9.086251517695770156e-07 5.000000000000000104e-03
-2.539725986308588937e-02 -3.418029413180211779e-02 4.000000000000000083e-02 -1.047707310256483504e-01 -1.108117579789354330e-02 1.317902591718027663e-02 -5.784259838802547488e-02 6.233144736167733901e-03 4.000000000000000083e-02 -1.081518730665863093e-06 3.089271596373044845e-07 5.000000000000000104e-03 2.172329869137013269e-06 3.783712114627569235e-06 5.000000000000000104e-03
-2.539612746972303922e-02 -3.418183309512002471e-02 4.000000000000000083e-02 -8.934244507435092075e-02 -9.450845302938944148e-03 2.125368799305927398e-02 -5.784309709310579001e-02 6.232469459338640071e-03 4.000000000000000083e-02 1.500449230185766533e-06 -4.597388689484649559e-06 5.000000000000000104e-03 3.906110390270441911e-06 1.153414319539347170e-06 5.000000000000000104e-03
-2.539640719087756307e-02 -3.418111960399727867e-02 4.000000000000000083e-02 -7.870108716464951915e-02 -8.324706380541814499e-03 3.109306494107286559e-02 -5.784291405981636935e-02 6.233635651676189965e-03 4.000000000000000083e-02 -3.733746456313251307e-07 -2.545335363387493077e-06 8.653992336981018718e-03 -1.884004283143367587e-06 -2.238720628609114442e-07 5.000000000000000104e-03
-2.539624714345810330e-02 -3.418161650440243449e-02 4.000000000000000083e-02 -8.130407748039374105e-02 -8.599935449771634391e-03 2.820120639229882833e-02 -5.784245028892283369e-02 6.232338106818310734e-03 4.000000000000000083e-02 -7.573689141545643913e-08 4.328347572154327613e-08 8.623037405017918572e-03 -6.330651221368216857e-08 1.297962966839860083e-07 2.372662521569937621e-02
7.601605074816289646e-06 5.891112454024612114e-06 6.776156034354141253e-03 -7.069371806517419764e-05 3.313319120170934952e-04 1.375155710658673008e-02 -5.615192685892186897e-02 -1.403742775887807865e-04 4.000000000000000083e-02 5.281956431523294865e-06 -2.561952305083707063e-06 1.117658787527445532e-02 -1.115839886870954033e-07 6.699603440311283307e-07 9.707885638610013260e-03
-2.539623478213168944e-02 -3.418189872971112708e-02 4.000000000000000083e-02 -8.371383420278383225e-02 -8.855179798913414072e-03 2.583569294048676177e-02 -5.784313303522981703e-02 6.233426385130721829e-03 4.000000000000000083e-02 -2.150112507352199809e-06 1.187370176954607906e-06 1.100486061553752719e-02 -5.832780663732630062e-07 2.601280580251075226e-07 8.849401745693675006e-03
-2.539570734737175636e-02 -3.418255223631921219e-02 4.000000000000000083e-02 -7.875495235453500165e-02 -8.331511502781840245e-03 3.103024915132614886e-02 -5.784384833672299303e-02 6.235906210478079671e-03 4.000000000000000083e-02 -6.857731450853908264e-07 1.982690030811791431e-06 7.002819280913589670e-03 -1.271196838165248047e-06 -6.766533580149179633e-07 1.916739909551759893e-02
-2.539487798125682899e-02 -3.418306589099558146e-02 4.000000000000000083e-02 -8.329312560670441845e-02 -8.811708417225727619e-03 2.622888199392123601e-02 -5.784387226457883557e-02 6.233124593052383720e-03 4.000000000000000083e-02 2.671595200703957144e-07 1.448488264401268066e-06 5.000000000000000104e-03 -1.748402862167881154e-06 -7.499150793485205710e-07 5.000000000000000104e-03
-2.539647698858038538e-02 -3.418135021185295108e-02 4.000000000000000083e-02 -7.736818805545342403e-02 -8.183785505631119284e-03 3.272818076253908998e-02 -5.784296405874044672e-02 6.234278504136726504e-03 4.000000000000000083e-02 4.898904043281852928e-06 3.681597412509060840e-07 5.000000000000000104e-03 -1.908633204159832987e-06 1.053610723159537595e-06 5.000000000000000104e-03
-2.539520959022687277e-02 -3.418232570492278632e-02 4.000000000000000083e-02 -7.404552588671943492e-02 -7.833903720492516043e-03 3.733365194439274698e-02 -5.784307872539173195e-02 6.231392854232326896e-03 4.000000000000000083e-02 -2.469730915388679978e-07 3.753693402111754189e-07 1.405840040559066563e-02 -3.055485215142150822e-07 9.974560707990280671e-07 5.000000000000000104e-03
5.786163756304885781e-05 -1.967545713167558538e-05 1.314222043937966940e-02 -7.441743080136598021e-02 -2.413775833234353858e-03 1.090242528653577458e-02 -5.510991007230413991e-02 -2.002132624561630604e-04 4.000000000000000083e-02 -1.655793227848375480e-07 -3.329567305596843072e-08 5.000000000000000104e-03 7.028197200198164479e-09 1.463587370715255195e-08 2.719846131431056385e-02
-2.539507030243378510e-02 -3.418271260984730164e-02 4.000000000000000083e-02 -1.072453929621518115e-01 -1.134604430828850714e-02 1.228770071774504778e-02 -5.784326283954293463e-02 6.231804951524070983e-03 4.000000000000000083e-02 3.151122272947976933e-06 -6.079668410544321127e-06 5.000000000000000104e-03 8.491895736725304311e-07 6.821633428473570582e-07 5.000000000000000104e-03
-2.539566917865442378e-02 -3.418209093288195749e-02 4.000000000000000083e-02 -9.775190328615250557e-02 -1.034064870446117605e-02 1.622678383013943446e-02 -5.784354534885095822e-02 6.234322851084864517e-03 4.000000000000000083e-02 2.322160060818608324e-08 2.778360943796833789e-06 5.000000000000000104e-03 -2.855699841949898521e-06 4.109491339894598321e-06 5.000000000000000104e-03
-2.539598315503907924e-02 -3.418315371160195876e-02 4.000000000000000083e-02 -7.912019788977442403e-02 -8.368911822146076623e-03 3.060283932216650848e-02 -5.784308869133771014e-02 6.232116218206297867e-03 4.000000000000000083e-02 -6.911465347203768172e-07 -1.590274799714816613e-06 1.432721472530676041e-02 6.653096192644784814e-07 -5.944328304362188496e-07 5.000000000000000104e-03
-2.539565758065240667e-02 -3.418208098566780789e-02 4.000000000000000083e-02 -7.566634610313140163e-02 -8.003905182460378798e-03 3.498633069080266111e-02 -5.784313681079522595e-02 6.232712073089871456e-03 4.000000000000000083e-02 1.059513501713033536e-06 -1.757959376484898158e-06 5.000000168703214697e-03 -1.086079880400542329e-06 4.811331963386730684e-07 5.000000675289579567e-03
-2.539468642463679066e-02 -3.418302336744062642e-02 4.000000000000000083e-02 -1.361185807766638611e-01 -1.439923083340318398e-02 6.009716250162282399e-03 -5.784329499754678472e-02 6.231487018873175555e-03 4.000000000000000083e-02 6.085883019707128897e-07 -1.117997999954596787e-06 5.000000000000000104e-03 -7.332052458699376664e-07 -1.169842787444416532e-07 5.000000000000000104e-03
-1.839166651465284560e-02 -1.022874461481300574e-02 2.492827659666874140e-02 -4.989034565699080465e-02 -3.893596330405064997e-04 3.635032666698314457e-02 -5.499077576234012027e-02 -3.944823204739670474e-05 4.000000000000000083e-02 -8.893235033543956227e-04 2.281534051033819199e-04 5.000000000000000104e-03 -1.253234477553892090e-04 1.127069223541647669e-04 3.258847221699408964e-02
-2.539674484338421551e-02 -3.418077664580329578e-02 4.000000000000000083e-02 -1.017261665151166783e-01 -1.075904040696116018e-02 1.439836382268958569e-02 -5.784237152663996434e-02 6.235120804244462939e-03 4.000000000000000083e-02 -1.180563026737511689e-06 6.456740360289250768e-07 1.417605028677250759e-02 -5.219888483740295395e-06 -4.522091653178603227e-06 5.000000000000000104e-03
-2.539414435511705426e-02 -3.418113962380623511e-02 4.000000000000000083e-02 -1.249465418797513355e-01 -1.321760201833093763e-02 7.769738813842442214e-03 -5.784368879396924873e-02 6.236376867290335975e-03 4.000000000000000083e-02 -1.393901597183261591e-06 1.443853915160810332e-06 5.000000000000000104e-03 6.338818912459518315e-07 -5.914144951855385490e-06 5.000000000000000104e-03
-2.539797705629913416e-02 -3.418025992483791214e-02 4.000000000000000083e-02 -8.330778872959196391e-02 -8.810822522604526766e-03 2.621519565430468351e-02 -5.784243295087594661e-02 6.231485331264227136e-03 4.000000000000000083e-02 8.159201405919054537e-07 -1.331417129481713204e-06 5.000000000000000104e-03 -1.469757948895097218e-06 8.317685480899682032e-07 7.993896123609586443e-03
-2.793290972821434875e-02 -3.305146816012833472e-02 3.689560492633282840e-02 -7.550988616774695350e-02 -8.704603714422168986e-03 3.512197301746588368e-02 -5.789056390053302914e-02 9.134653648179537344e-03 4.000000000000000083e-02 -3.625831445207619401e-03 -4.263718373417550028e-03 5.000000000000000104e-03 -2.441410656953063325e-03 3.285169604214184438e-03 5.000000000000000104e-03
-2.539901692676379760e-02 -3.417913626720310571e-02 4.000000000000000083e-02 -8.051070554415157288e-02 -8.515497197740163129e-03 2.904329987592667653e-02 -5.784189824586760675e-02 6.232183215600239565e-03 4.000000000000000083e-02 4.256569188233757453e-08 -9.333986888299452609e-07 1.922747945971884850e-02 2.923953031253347300e-07 -1.247831604979949800e-06 5.000000000000000104e-03
-2.539558536685279297e-02 -3.418328731674152160e-02 4.000000000000000083e-02 -7.894289900873735499e-02 -8.350454825200281581e-03 3.080924978578700180e-02 -5.784331762222964801e-02 6.231810920567143301e-03 4.000000000000000083e-02 -2.549632260260561139e-06 -1.332534225342586613e-06 5.000000000000000104e-03 8.449946286059379933e-07 -7.614322848805204839e-08 5.000000000000000104e-03
-2.540093699716648029e-02 -3.417624263458297201e-02 4.000000000000000083e-02 -7.736275676285758740e-02 -8.181040731579746969e-03 3.273453546431506767e-02 -5.784165473378669042e-02 6.234341499291142299e-03 4.000000000000000083e-02 1.115609830143682663e-07 -4.330401711660998291e-06 5.000000000000000104e-03 -6.325374618436899459e-07 -1.512607410302826261e-06 1.079212762014775291e-02
-2.539573531517088159e-02 -3.418133856873518256e-02 4.000000000000000083e-02 -8.332228175029399164e-02 -8.814230650207019457e-03 2.620082258099645442e-02 -5.784346863213492285e-02 6.235676080935263592e-03 4.000000000000000083e-02 1.003908128007503527e-06 -8.023637220832909150e-07 1.470420052730626176e-02 -7.776177674090289781e-07 2.343080369066843079e-06 5.000000000000000104e-03
-2.539521396756497587e-02 -3.418247421451158646e-02 4.000000000000000083e-02 -7.718031463081813370e-02 -8.163609940817471294e-03 3.296753971896172752e-02 -5.784325840271119928e-02 6.232173751031273336e-03 4.000000000000000083e-02 2.089891743630266527e-06 2.964275015016990463e-07 1.946001369185156385e-02 -4.027573955654222473e-07 2.065997252821174178e-07 1.174041374245679732e-02
-2.539759322310909326e-02 -3.418106033323702053e-02 4.000000000000000083e-02 -7.383189859072245009e-02 -7.810375759574285023e-03 3.765992614862275628e-02 -5.784280498138032189e-02 6.233226920649545012e-03 4.000000000000000083e-02 2.490130028503487150e-06 -1.934159425059074336e-06 5.000000000000000104e-03 -2.356667041327889424e-06 -5.180449955362535540e-08 5.000000000000000104e-03
-2.539630767926236155e-02 -3.418196326281192771e-02 4.000000000000000083e-02 -7.772766743557117664e-02 -8.222511651105397085e-03 3.227679576605305828e-02 -5.784313724023959491e-02 6.233422471782802676e-03 4.000000000000000083e-02 -1.508095910033641817e-06 3.478323544243811736e-06 5.000000000000000104e-03 1.268260642879391461e-06 -1.229408342354520150e-06 5.000000000000000104e-03
-2.539285163530427200e-02 -3.418459716842318918e-02 4.000000000000000083e-02 -7.602669076771909062e-02 -8.041953027043103122e-03 3.449142951703688953e-02 -5.784364354644185025e-02 6.231907510518503411e-03 4.000000000000000083e-02 -1.112467917010306058e-07 2.878657602993840916e-06 5.000000000000000104e-03 1.224550373835803745e-07 2.832958390037973613e-06 5.000000000000000104e-03
-2.539956398536828697e-02 -3.417880172492920865e-02 4.000000000000000083e-02 -8.005619344098306722e-02 -8.466918305132438774e-03 2.954092769301962587e-02 -5.784205814742113261e-02 6.232315611362283271e-03 4.000000000000000083e-02 -2.169348960932458621e-06 -2.997619850422235663e-07 5.000000000000000104e-03 -1.018354844996267188e-07 -1.893805806917124416e-08 2.377492941360993123e-02
-2.539836612171790520e-02 -3.418011705173839426e-02 4.000000000000000083e-02 -7.966575526278835140e-02 -8.426091861117297396e-03 2.997774518540448005e-02 -5.784248106208936258e-02 6.232667589414782501e-03 4.000000000000000083e-02 -2.917214778844076196e-08 4.575793287784912596e-06 5.000000000000000104e-03 1.333493456736482020e-06 1.918633802521053743e-06 5.000000000000000104e-03
-2.539554818678076836e-02 -3.418134167805436663e-02 4.000000000000000083e-02 -9.005210507008899745e-02 -9.525971165674355576e-03 2.075459411316100955e-02 -5.784315210020288256e-02 6.232420882880349358e-03 4.000000000000000083e-02 2.532756754291706137e-07 1.240678805874593834e-06 2.424315578366662005e-02 -1.426066987441047501e-06 1.421305732136795281e-06 1.472828360775359918e-02
-2.539527482607079403e-02 -3.418305359096398405e-02 4.000000000000000083e-02 -8.568784582485176882e-02 -9.064037866099444382e-03 2.409108686470149904e-02 -5.784329001601708209e-02 6.232001093831054939e-03 4.000000000000000083e-02 -4.507642751392551082e-06 4.821353177847641111e-06 5.000000000000000104e-03 -3.183309651464542984e-07 -4.133135395495776472e-07 2.387619414921175048e-02
-2.539647625360002062e-02 -3.418110017346106394e-02 4.000000000000000083e-02 -7.436244264674433946e-02 -7.865208435622305858e-03 3.685931316667906410e-02 -5.784323393643336919e-02 6.232913296384788755e-03 4.000000000000000083e-02 9.637850721125806781e-07 -1.566248826834338056e-06 5.000000000000000104e-03 1.025102804872913981e-06 -7.864482035670532451e-07 1.594966043816914425e-02
-2.539557623445753629e-02 -3.418218167490853082e-02 4.000000000000000083e-02 -7.237895807471120269e-02 -7.656059189568280125e-03 3.997335210863525723e-02 -5.784311401586272189e-02 6.231964243643213670e-03 4.000000000000000083e-02 -8.831094387163637131e-07 8.995171896468756915e-07 1.639332088544593474e-02 2.950798837690888349e-07 4.616335462500909615e-07 2.643801104644421043e-02
-2.539625852037353040e-02 -3.418136262863365193e-02 4.000000000000000083e-02 -8.825616474778406884e-02 -9.335911023399213679e-03 2.204817819118352201e-02 -5.784257307891833844e-02 6.233790209420208943e-03 4.000000000000000083e-02 2.037972145077400471e-06 1.187245477549752280e-06 9.295607804178977751e-03 6.350424207410187184e-08 -1.241912591958065583e-06 8.103646184151535106e-03
-2.539360400918424382e-02 -3.418422229741761853e-02 4.000000000000000083e-02 -8.250280682258873122e-02 -8.727022493397443639e-03 2.699021818201742876e-02 -5.784350179962088195e-02 6.232283656745230167e-03 4.000000000000000083e-02 5.140150485654307321e-07 9.276022973603794738e-07 1.182690321135137536e-02 -1.497727159230038501e-06 1.330607952220040165e-06 5.000000000000000104e-03
-2.540078437493726790e-02 -3.418029544409945802e-02 4.000000000000000083e-02 -1.131470428101571529e-01 -1.196298511246655580e-02 1.046445575331452112e-02 -5.784113878258523300e-02 6.227387543814874235e-03 4.000000000000000083e-02 -1.651629311778320824e-05 1.851857933242279482e-05 5.000000000000000104e-03 5.728998702232380384e-06 1.886960540429424638e-06 5.000000000000000104e-03
-2.539542413013153380e-02 -3.418264889854440852e-02 4.000000000000000083e-02 -8.267618965545957266e-02 -8.745394905062339394e-03 2.682052849699044159e-02 -5.784397816902693557e-02 6.234417126935446439e-03 4.000000000000000083e-02 -1.212070137317071743e-06 6.402313989273985001e-06 5.000000000000000104e-03 -3.519118332890013000e-07 -2.383368615090435688e-06 5.000000000000000104e-03
-2.539578612325052095e-02 -3.418242977611145317e-02 4.000000000000000083e-02 -9.776180997540086237e-02 -1.034110533598001785e-02 1.622200941323314466e-02 -5.784297768696949893e-02 6.232099607721999085e-03 4.000000000000000083e-02 -1.811536722666439966e-06 1.941734709078426350e-06 5.000000000000000104e-03 1.642080313769423098e-06 1.873274672377938212e-06 5.000000000000000104e-03
-2.539641298158798119e-02 -3.418182793693902433e-02 4.000000000000000083e-02 -7.310286218733746955e-02 -7.732654766124107994e-03 3.879823433658387971e-02 -5.784294152188954041e-02 6.231515891722692185e-03 4.000000000000000083e-02 -8.325727842486268653e-07 2.881666528660390931e-08 3.209149727444245148e-02 5.550593269946802120e-08 4.104379811234027970e-07 1.983384462363331491e-02
-2.539595236926948246e-02 -3.418175794242186982e-02 4.000000000000000083e-02 -9.406638311840419264e-02 -9.951024562378623858e-03 1.820962840426568197e-02 -5.784317307989424867e-02 6.232825216455043123e-03 4.000000000000000083e-02 -1.401572802936896866e-06 1.070731537442586703e-06 5.000000000000000104e-03 8.621702927047235746e-07 -5.154145223780142076e-07 5.000000000000000104e-03
-2.539658438687920211e-02 -3.418231739311189399e-02 4.000000000000000083e-02 -7.683618217896298619e-02 -8.128347815824391726e-03 3.341332668758991570e-02 -5.784317682296592072e-02 6.231378016945176256e-03 4.000000000000000083e-02 -2.689505035346942143e-06 -3.856566850957972748e-07 5.000000000000000104e-03 1.407885028049707076e-06 -1.695826158461155810e-06 2.263262690080602643e-02
-2.538965726090726405e-02 -3.418706552821694500e-02 4.000000000000000083e-02 -8.470271580534179112e-02 -8.964511809636099143e-03 2.494111029075063435e-02 -5.784501989500717700e-02 6.233438353826723129e-03 4.000000000000000083e-02 -1.104710502073389653e-06 4.544315337026994831e-06 5.000000000000000104e-03 4.518306171837497949e-06 1.370367915953671658e-06 5.000000000000000104e-03
-2.539536110811521641e-02 -3.418203614382541583e-02 4.000000000000000083e-02 -7.538360479452141383e-02 -7.974249156024189322e-03 3.538127804613187127e-02 -5.784332337515313976e-02 6.233313934187956901e-03 4.000000000000000083e-02 -2.919721353197101529e-07 -3.486914342252918064e-07 1.661036137059295967e-02 -2.070871157634640947e-07 3.820866343780120848e-07 2.355930168624188747e-02
-2.539631289414767332e-02 -3.418231745286294532e-02 4.000000000000000083e-02 -7.877082783393903054e-02 -8.332374054343467257e-03 3.101156544199485526e-02 -5.784308674816051460e-02 6.233956695432155137e-03 4.000000000000000083e-02 -9.209576402459015243e-07 8.056279502113557075e-07 5.000000000000000104e-03 -8.564588117072030103e-08 3.231115567052116988e-07 1.546724895745463062e-02
-2.539585643569012424e-02 -3.418297994266827206e-02 4.000000000000000083e-02 -7.239197822173926156e-02 -7.658173828001080784e-03 3.995258994848380207e-02 -5.784313381736860132e-02 6.231654382219890820e-03 4.000000000000000083e-02 -4.069474268259729102e-06 -2.825661152547493306e-06 5.000000000000000104e-03 -2.819010620211651525e-06 -1.930799978271960181e-06 5.000000000000000104e-03
-2.539689876478780708e-02 -3.418081069841674008e-02 4.000000000000000083e-02 -8.652833140125074096e-02 -9.152675142537741032e-03 2.339536286736471071e-02 -5.784297943639570005e-02 6.233691051472572270e-03 4.000000000000000083e-02 1.193368558801896634e-07 -1.114706100992611648e-07 5.000000000000000104e-03 5.246015725126631020e-08 -1.399115273733654996e-07 2.589159622366062757e-02
-2.539489350043202046e-02 -3.418272014079489635e-02 4.000000000000000083e-02 -1.148702282783759798e-01 -1.215077974695957276e-02 9.999672274005125261e-03 -5.784346444750855520e-02 6.232443303891326870e-03 4.000000000000000083e-02 -5.892032378698522247e-07 -7.099865901298182135e-07 5.000000000000000104e-03 -6.971733360595654942e-08 -3.765528977863226223e-08 1.662319802892563494e-02
-2.539678723540509525e-02 -3.418143918859375269e-02 4.000000000000000083e-02 -7.245707023884680187e-02 -7.663993130255000383e-03 3.984453459638939710e-02 -5.784283843185775847e-02 6.232461823211601221e-03 4.000000000000000083e-02 -1.827111435731850149e-07 -7.902815132162348480e-07 5.000000000000000104e-03 -6.128548549959818025e-07 -5.552883131559997118e-07 1.707530248097592629e-02
-2.788023820751552723e-02 -3.375049255746744026e-02 3.670040798430391354e-02 -8.628313160207566612e-02 -8.389665492657209442e-03 2.341033755764560659e-02 -5.717622862266358297e-02 5.435233399711759603e-03 4.000000000000000083e-02 2.452793883528914514e-03 -3.286555442382800996e-03 5.000000000000000104e-03 1.883974309156982632e-03 -3.044906913584023104e-03 5.000000000000000104e-03
-2.540138428445297067e-02 -3.417742729700373738e-02 4.000000000000000083e-02 -1.266695437322664930e-01 -1.339553011471225456e-02 7.457504309743501029e-03 -5.784166367941435960e-02 6.229163824162892681e-03 4.000000000000000083e-02 2.658999224957959553e-06 -3.927546942504304265e-07 5.000000000000000104e-03 1.343150599826330995e-07 -5.462120295137210240e-06 1.213847019808386891e-02
-2.539497138537052945e-02 -3.418220291141551431e-02 4.000000000000000083e-02 -9.116601688182005003e-02 -9.641860385144690807e-03 2.000349725525293193e-02 -5.784331526514456534e-02 6.233714929162081052e-03 4.000000000000000083e-02 -1.857278682017734066e-06 2.596200611119589631e-07 1.208552506514321695e-02 -2.267620477323363889e-06 -1.387641873931753839e-06 5.000000000000000104e-03
-2.539755666870829182e-02 -3.418059914526158649e-02 4.000000000000000083e-02 -7.859086009308505205e-02 -8.312587559489419825e-03 3.122423775099607279e-02 -5.784269148658954807e-02 6.233078148504780924e-03 4.000000000000000083e-02 3.486903611068992837e-07 -1.752131417573204624e-07 2.597640106511645008e-02 1.189136932897651273e-07 -5.444825804364767702e-07 1.979510794173601484e-02
-2.539532944185214983e-02 -3.418267969882857193e-02 4.000000000000000083e-02 -7.255899596191271728e-02 -7.675428634748147037e-03 3.967689123209137275e-02 -5.784316765680431321e-02 6.233106473105644481e-03 4.000000000000000083e-02 -8.193875517174080979e-07 3.263189657900214347e-06 5.000000000000000104e-03 -4.758802486073895883e-07 -2.372276155681607346e-07 1.557476830421050326e-02
-2.539283999458386357e-02 -3.418567923062014458e-02 4.000000000000000083e-02 -8.089528759542918834e-02 -8.558786618285289804e-03 2.863216048329442903e-02 -5.784404538075059443e-02 6.234807063166003874e-03 4.000000000000000083e-02 -6.449424163782193545e-07 -2.206353240347352920e-06 5.000000000000000104e-03 1.833743968196461194e-06 2.653141981677981462e-06 5.000000000000000104e-03
-2.539320675722659196e-02 -3.418478226040368162e-02 4.000000000000000083e-02 -9.520884449088845569e-02 -1.007222691076378566e-02 1.756227443895421597e-02 -5.784418284184731501e-02 6.232458997583377631e-03 4.000000000000000083e-02 -6.617589922819541475e-07 -5.833462314412351112e-08 5.000000000000000104e-03 7.484593093243631158e-07 -1.649096056409059001e-06 5.000000000000000104e-03
-2.539665979071471097e-02 -3.418141361925298299e-02 4.000000000000000083e-02 -7.272617826262810226e-02 -7.693217868190571976e-03 3.940351719881435288e-02 -5.784307519482613513e-02 6.232460563469228304e-03 4.000000000000000083e-02 1.122443488066134888e-07 6.796277516643237048e-07 5.000000000000000104e-03 2.903244566860921735e-07 -7.727048585104006373e-07 5.000000000000000104e-03
-2.539428397175702221e-02 -3.418327326886171774e-02 4.000000000000000083e-02 -8.199790142040795649e-02 -8.674813768794640764e-03 2.749144760472036972e-02 -5.784372491585636905e-02 6.232931529485256569e-03 4.000000000000000083e-02 -3.151642649460872371e-06 3.163598782222762156e-06 5.000000000000000104e-03 1.838850563308812340e-06 -1.504750042448976608e-06 5.000000000000000104e-03
-2.539493655105417441e-02 -3.418242709179684230e-02 4.000000000000000083e-02 -9.778466720916319244e-02 -1.034306042657607422e-02 1.621018897320849333e-02 -5.784322945514434183e-02 6.232038019767773863e-03 4.000000000000000083e-02 1.439051691103726707e-06 1.388323284706317992e-06 1.845378611747947040e-02 -6.656923632120426825e-06 1.622771372743810154e-05 5.000000000000000104e-03
-2.539808277609552356e-02 -3.418078525059529971e-02 4.000000000000000083e-02 -1.022542202356868241e-01 -1.081400873829290246e-02 1.417661682779101234e-02 -5.784242673202997370e-02 6.230229397491815826e-03 4.000000000000000083e-02 -1.020482172150951194e-05 2.179765960236340456e-06 5.000000000000000104e-03 -2.286563173246769051e-06 -6.420914580148945409e-08 7.189512861924769738e-03
-2.539624547112546635e-02 -3.418022950575997504e-02 4.000000000000000083e-02 -1.033333595750436651e-01 -1.093132913713121962e-02 1.373637948149029377e-02 -5.784317690720895688e-02 6.233570038805983510e-03 4.000000000000000083e-02 -1.369296697775440394e-06 1.651058920255914461e-05 5.000000000000000104e-03 9.428585049042462508e-07 6.142751966452518149e-08 2.140085905386815771e-02
-2.539705640101750164e-02 -3.418159938462626835e-02 4.000000000000000083e-02 -9.748126686791896978e-02 -1.031056201708647514e-02 1.636241963189410953e-02 -5.784326839801002401e-02 6.233286699526410964e-03 4.000000000000000083e-02 2.214178553289383973e-07 2.648434866172474094e-06 5.000000000000000104e-03 1.478009315951341760e-06 -1.570949566054901905e-07 1.453953794515262625e-02
-2.539612072522471134e-02 -3.418195566556043313e-02 4.000000000000000083e-02 -8.706063627075069644e-02 -9.208585120532387924e-03 2.296921724657282129e-02 -5.784314966501043903e-02 6.233241417951861096e-03 4.000000000000000083e-02 -1.132913964366852541e-08 1.001269765633153303e-07 3.535268463352513740e-02 -1.040982253638938513e-06 1.882194277729806021e-07 1.574771364397985901e-02
-2.539537915866892440e-02 -3.418230850278545369e-02 4.000000000000000083e-02 -1.030542606764046076e-01 -1.090125943025623163e-02 1.384870478695887988e-02 -5.784315046371417413e-02 6.232211317114733432e-03 4.000000000000000083e-02 -1.865207950291712839e-06 4.156803465627789720e-07 5.000000000000000104e-03 -1.309761865494582735e-06 -5.844125903623318975e-07 5.000000000000000104e-03
-2.540277125636595731e-02 -3.417560575574139087e-02 4.000000000000000083e-02 -9.534603490561441297e-02 -1.008264913465830789e-02 1.748615343871393404e-02 -5.784103095890542889e-02 6.231774772883913807e-03 4.000000000000000083e-02 2.644500219282754312e-06 7.111458207110286153e-07 1.187004225056774095e-02 3.931683998921081159e-06 3.715722895268576461e-07 5.000000000000000104e-03
-2.539508840345280558e-02 -3.418273379351547542e-02 4.000000000000000083e-02 -8.650904613550729205e-02 -9.150709235190318536e-03 2.341121889915138282e-02 -5.784331295824709368e-02 6.232543321479848061e-03 4.000000000000000083e-02 3.874138589120257507e-08 7.953214430866694674e-07 5.000000000000000104e-03 4.108577795689349886e-07 -4.640945323391728476e-07 3.539049613226934871e-02
-2.539904312739932335e-02 -3.418060924371951748e-02 4.000000000000000083e-02 -8.134165885552525899e-02 -8.601004310787680948e-03 2.816328217994909164e-02 -5.784236615694003658e-02 6.232688332823446871e-03 4.000000000000000083e-02 6.289981691202692118e-06 -3.660560945206917275e-06 5.000000000000000104e-03 -3.099642752979070148e-06 -3.442354681307251564e-06 5.000000000000000104e-03
-2.539613613115732429e-02 -3.418271903141261586e-02 4.000000000000000083e-02 -7.844452252404668369e-02 -8.299538810999438146e-03 3.139971527637872017e-02 -5.784307255579766716e-02 6.230408220515533564e-03 4.000000000000000083e-02 -6.715111261616052744e-07 1.622662201826974085e-06 2.070065749828704435e-02 -1.661748518643089580e-06 4.040111674595920575e-07 1.501998524142135298e-02
-2.539758473016462750e-02 -3.418110334762015923e-02 4.000000000000000083e-02 -8.294843594446284218e-02 -8.774295313299915189e-03 2.655776055427393201e-02 -5.784326368439811350e-02 6.234126934865239465e-03 4.000000000000000083e-02 9.367630396228901800e-07 -4.649925632219877007e-06 5.000000000000000104e-03 2.278457223456822465e-06 -4.451444276471597401e-07 1.061488657976638467e-02
-2.539533930839062842e-02 -3.418179272342172087e-02 4.000000000000000083e-02 -8.755360766935589567e-02 -9.262212315091056247e-03 2.258275210974552277e-02 -5.784316652093350608e-02 6.232528348427129362e-03 4.000000000000000083e-02 1.378777791980389652e-06 -1.450610867519291401e-06 7.343209685856523332e-03 9.390587402723935946e-07 -3.438700775421999603e-06 5.000000000000000104e-03
-2.539600074595167734e-02 -3.418194610402609107e-02 4.000000000000000083e-02 -9.773442083237784961e-02 -1.033885798373178691e-02 1.623550352233853189e-02 -5.784307186250629146e-02 6.232860750935015348e-03 4.000000000000000083e-02 -2.655244951060661653e-07 -4.864988584899283122e-08 2.727226808607911487e-02 -1.179852674952138280e-06 -6.550208326932554380e-07 5.000000000000000104e-03
-2.539545838762548996e-02 -3.418265686101147616e-02 4.000000000000000083e-02 -8.716385114224697861e-02 -9.220472220861784113e-03 2.288780879129926824e-02 -5.784342883965368221e-02 6.232781403000043664e-03 4.000000000000000083e-02 -1.428693263365574756e-07 -8.226498293889018233e-07 5.000000000000000104e-03 -1.417670917136895406e-07 2.580642257386556072e-07 2.078783730571020713e-02
1.386646162110672842e-07 1.320800523947838563e-06 5.000000000000000104e-03 1.284363919627705105e-04 -9.190391520041594434e-05 5.000000000000000104e-03 -5.615291573779788992e-02 -1.380578063551665810e-04 4.000000000000000083e-02 -1.559699040559854455e-08 1.680173357930747375e-07 1.584881886462461559e-02 -1.129803989471470962e-06 -2.353582751284855548e-07 5.000000000000000104e-03
1.740546393074752422e-04 2.015301333908660916e-04 1.095874448550661351e-02 -5.045780838423339493e-02 -1.636231625038096511e-03 3.497637337477486202e-02 -5.510989547455961979e-02 -2.003548529133583481e-04 4.000000000000000083e-02 9.496112270814181256e-07 8.023495223925516436e-08 5.000000000000000104e-03 -1.375446550859525495e-06 8.802161375195741848e-07 5.000000000000000104e-03
-2.540322609750809285e-02 -3.417372242866585641e-02 4.000000000000000083e-02 -9.442147023305982878e-02 -9.981356448709366794e-03 1.800464187740451541e-02 -5.783999788039727308e-02 6.232626802168914418e-03 4.000000000000000083e-02 -1.874698100898710336e-06 -8.083379505005748028e-06 5.000000000000000104e-03 1.228376245681052858e-05 1.078851995069747475e-05 5.000000000000000104e-03
1.384436641982197556e-04 5.213048440060887544e-04 7.003517268751555634e-03 -6.847932081310199870e-02 -2.220241864284348918e-03 1.399250732312725364e-02 -5.510995838144926856e-02 -2.010924687158160702e-04 4.000000000000000083e-02 -6.960480412899204023e-07 -7.168007267349742465e-07 5.000000000000000104e-03 -1.221331049769013945e-07 -1.199615112812976818e-07 8.155421235063449112e-03
-2.539433195904393370e-02 -3.418426257249202599e-02 4.000000000000000083e-02 -7.356854653142151645e-02 -7.782100019028717966e-03 3.806593409883660128e-02 -5.784392549294108815e-02 6.231381843126523705e-03 4.000000000000000083e-02 -1.273391330535394335e-06 -1.555806806379071716e-06 5.000000000000000104e-03 -7.090565649967592566e-07 2.662799730024387476e-07 5.000000000000000104e-03
-2.539961841884965515e-02 -3.417825124909272538e-02 4.000000000000000083e-02 -7.401928791462147883e-02 -7.826017423091467459e-03 3.737380678942742868e-02 -5.784224041746338640e-02 6.229450821222513694e-03 4.000000000000000083e-02 3.676099443742786101e-06 4.308102135490384754e-06 5.000000000000000104e-03 2.248803727096350461e-06 -2.030151585490427083e-06 5.933109391251541360e-03
-2.539651073356993458e-02 -3.418172519818338251e-02 4.000000000000000083e-02 -7.812189825648048480e-02 -8.263899528024726271e-03 3.179018828130068114e-02 -5.784313733107115246e-02 6.232852299774430636e-03 4.000000000000000083e-02 2.940102662300808655e-07 3.347481799422799112e-07 5.000000000000000104e-03 -2.003251565065790645e-08 -1.078574559609868033e-06 5.000000000000000104e-03
-2.539068315065545409e-02 -3.418952199954682081e-02 4.000000000000000083e-02 -7.650154240530973593e-02 -8.092873586144775505e-03 3.385690703597522139e-02 -5.784505062273112563e-02 6.230812075305401307e-03 4.000000000000000083e-02 2.281559965187123801e-06 -1.084151748700188369e-06 5.000000000000000104e-03 4.026010373237634577e-06 1.523140643042665919e-06 5.000000000000000104e-03
-2.539323387827886053e-02 -3.418356525571691201e-02 4.000000000000000083e-02 -7.429772725713366943e-02 -7.860404611049481502e-03 3.695537422329873978e-02 -5.784418983100067524e-02 6.235656294126767224e-03 4.000000000000000083e-02 7.943693841166593870e-07 -8.105407407786510552e-06 6.167713913550641400e-03 6.055825510602654733e-06 2.147951190925553526e-06 5.000000000000000104e-03
-2.539440134280978451e-02 -3.418304019983829656e-02 4.000000000000000083e-02 -8.231659337302048296e-02 -8.707146845548805261e-03 2.717351033592685719e-02 -5.784315564016676708e-02 6.233764667803638054e-03 4.000000000000000083e-02 7.191033083685120162e-06 -4.839627001201875281e-06 5.000000000000000104e-03 -1.428345566102517521e-06 3.172605916835936167e-06 5.000000000000000104e-03
-2.539566724634401834e-02 -3.418193596610274998e-02 4.000000000000000083e-02 -7.866325096344176093e-02 -8.320755309171135733e-03 3.113795316112776684e-02 -5.784318706915859282e-02 6.233451502141496015e-03 4.000000000000000083e-02 -1.131140509274445394e-06 1.521743254921298855e-06 5.000000000000000104e-03 -5.401978163980780081e-07 -9.871101616581769241e-08 2.651542245217854837e-02
-2.539946230929722437e-02 -3.417944372337707037e-02 4.000000000000000083e-02 -8.106044617788801809e-02 -8.576129620930780795e-03 2.845670628532144530e-02 -5.784257232685337952e-02 6.232960869646471218e-03 4.000000000000000083e-02 -4.100828927319266398e-06 -8.247590040147831711e-06 5.000000000000000104e-03 6.632090561327816105e-07 -5.947746188843369610e-06 5.000000000000000104e-03
-2.539263318570320754e-02 -3.418500289882985682e-02 4.000000000000000083e-02 -7.744875003678994285e-02 -8.193571983202019987e-03 3.262637135123108018e-02 -5.784424957758408509e-02 6.233633716968355054e-03 4.000000000000000083e-02 6.154928733458734490e-06 3.974227793988496258e-06 5.000000000000000104e-03 3.737863422438937463e-07 -2.497462316097132770e-07 1.170165620092203894e-02
-2.539273918149410197e-02 -3.418381990016206018e-02 4.000000000000000083e-02 -7.436606581356217105e-02 -7.864871794751275916e-03 3.685449921234897758e-02 -5.784204182262270288e-02 6.238259331500255536e-03 4.000000000000000083e-02 -3.904331046326240462e-07 4.408862647054628511e-07 5.000000000000000104e-03 1.772147515308531786e-06 -2.014287383630063766e-06 5.000000000000000104e-03
-2.539189355093705511e-02 -3.418505944171761762e-02 4.000000000000000083e-02 -8.828017155812001304e-02 -9.339254654468177527e-03 2.203044754615627807e-02 -5.784408039108069471e-02 6.233010680392289150e-03 4.000000000000000083e-02 1.956542765041221752e-07 2.564445187070270993e-08 7.817752815689089918e-03 9.848955068598185804e-07 -9.032014939426561947e-07 5.000000000000000104e-03
-2.539676129817349318e-02 -3.418142268965623787e-02 4.000000000000000083e-02 -8.286713847974135072e-02 -8.765314226218807320e-03 2.663577873266913254e-02 -5.784291380144172823e-02 6.233074449585042712e-03 4.000000000000000083e-02 -3.511701883071580565e-08 2.132148250409826935e-06 5.000000000000000104e-03 -6.631404707914558385e-07 1.492825570038913254e-06 5.000000000000000104e-03
-2.539696008404613431e-02 -3.418148679249184696e-02 4.000000000000000083e-02 -9.033513261247996806e-02 -9.555058781105765092e-03 2.056094120175546922e-02 -5.784280195037146133e-02 6.231904876699861928e-03 4.000000000000000083e-02 -3.434435501904924922e-07 -1.962033576515301654e-06 5.000000000000000104e-03 3.393073461285169672e-07 1.289980043473185915e-06 5.880752761472631852e-03
-2.539554986585008944e-02 -3.418235993454341037e-02 4.000000000000000083e-02 -8.936382317795778241e-02 -9.452474126120061215e-03 2.123857658712958313e-02 -5.784327224721315386e-02 6.232925091088396645e-03 4.000000000000000083e-02 9.486206439802810072e-08 1.249193959279912671e-06 5.000000000000000104e-03 -2.852017919049195739e-07 -8.464409406410072405e-07 5.000000000000000104e-03
-2.539619553221170861e-02 -3.418172752212018245e-02 4.000000000000000083e-02 -7.502395131227337921e-02 -7.936184717936134794e-03 3.589293318088355306e-02 -5.784304536971308919e-02 6.233066510600434977e-03 4.000000000000000083e-02 9.062335506357687913e-07 -6.122082133251580320e-06 5.000000000000000104e-03 -9.457271821469196983e-07 2.689320409711803447e-07 1.061098655535943312e-02
-2.539784384097037301e-02 -3.418072832234308328e-02 4.000000000000000083e-02 -7.303326496954724856e-02 -7.725403870623393301e-03 3.890908159916280085e-02 -5.784338549180385175e-02 6.233003910628596815e-03 4.000000000000000083e-02 -1.226908914950329248e-06 2.182781428414554501e-07 5.000004573758204743e-03 1.979695780309445187e-07 -1.297177134064512470e-06 5.000000000000000104e-03
-2.539584735122692519e-02 -3.418193285236674483e-02 4.000000000000000083e-02 -8.133661143625640910e-02 -8.604031833153016895e-03 2.816770007703941342e-02 -5.784347430604454970e-02 6.232546417833744433e-03 4.000000000000000083e-02 2.027131818295227456e-06 -2.276768920005774089e-06 5.000000000000000104e-03 -1.997481783776494187e-06 -6.948060469932547787e-07 5.000000000000000104e-03
-2.539614403111439822e-02 -3.418136129460223882e-02 4.000000000000000083e-02 -1.073809903797040138e-01 -1.135884501763197683e-02 1.224107845258618626e-02 -5.784308725437876941e-02 6.232864717607831083e-03 4.000000000000000083e-02 -3.094755414118774606e-06 6.001145418161103154e-07 5.000000000000000104e-03 5.677478702726533290e-07 4.791773938644958545e-07 2.590324150590575872e-02
-2.539391453473664392e-02 -3.418395622747492923e-02 4.000000000000000083e-02 -1.141517865625089473e-01 -1.207602088030069673e-02 1.018979492141084547e-02 -5.784324292763917685e-02 6.233941368723605256e-03 4.000000000000000083e-02 3.874055097466697318e-06 2.054112853731147965e-05 5.000000000000000104e-03 3.381364567138920009e-06 -4.346554085308742043e-06 5.000000000000000104e-03
-2.539389734846493954e-02 -3.418391528126940582e-02 4.000000000000000083e-02 -1.051309257998695040e-01 -1.112066786822395875e-02 1.304424742676598727e-02 -5.784334792827065114e-02 6.231472449074937879e-03 4.000000000000000083e-02 -1.920329403852222396e-06 -3.261677405067818253e-06 5.000000000000000104e-03 1.194697842693049323e-06 -7.973433422283971053e-07 9.433065715585839742e-03
-2.539427665011413648e-02 -3.418350102796895856e-02 4.000000000000000083e-02 -8.774675118248358163e-02 -9.283759238526916036e-03 2.243438856809841161e-02 -5.784344694149778227e-02 6.234108552469972905e-03 4.000000000000000083e-02 -3.558319327896782795e-07 1.271710050207419595e-06 5.000000000000000104e-03 -1.007751843265033879e-06 1.817142343649206609e-06 5.000048529098410910e-03
-2.539624254557045629e-02 -3.418161180282643097e-02 4.000000000000000083e-02 -7.895071777893795939e-02 -8.350917414887061574e-03 3.079900714855449140e-02 -5.784285668365647670e-02 6.232209389455329804e-03 4.000000000000000083e-02 -3.840186263696243323e-07 -5.666272464363853934e-07 2.544250089750802607e-02 -2.450176644483449815e-06 -1.055455310362153579e-06 5.000000000000000104e-03
-2.539489605975391029e-02 -3.418368893431888988e-02 4.000000000000000083e-02 -7.658043365957925563e-02 -8.101337753953292281e-03 3.374894108629439282e-02 -5.784363875447556813e-02 6.232094665379371914e-03 4.000000000000000083e-02 -6.175451399631125081e-06 6.794746675747838131e-06 5.000000000000000104e-03 5.134870522903543984e-08 3.774077547677377409e-08 1.805721611833723678e-02
-2.539680675131019555e-02 -3.418152536131823654e-02 4.000000000000000083e-02 -7.792065069553676115e-02 -8.240600586804827654e-03 3.203756205595346268e-02 -5.784307928420408251e-02 6.231726346304234353e-03 4.000000000000000083e-02 3.625728547216848242e-06 4.751383254525374275e-06 5.000000000000000104e-03 1.261303177398797176e-06 -1.216103594122073122e-06 5.000000000000000104e-03
-2.539548344143104791e-02 -3.418233011776447561e-02 4.000000000000000083e-02 -7.961087405735509104e-02 -8.421371619690446939e-03 3.003940634453310804e-02 -5.784330671571584481e-02 6.233256021966277274e-03 4.000000000000000083e-02 -1.021282451305930348e-06 -1.792320899148378338e-07 6.324865933185508729e-03 -6.848428840650616755e-07 -7.914900835160488794e-07 5.000000000000000104e-03
-3.179855008525817039e-02 -3.376288366361780702e-02 3.107247761577568504e-02 -7.515839491569434316e-02 -5.884821152152519899e-03 3.483700855216187442e-02 -5.647253003161602919e-02 6.021395346948991804e-03 3.945129546358260020e-02 -2.585843253858674095e-03 -3.041783127048908447e-03 5.000000000000000104e-03 -1.371564893638073076e-03 -1.747789975949505265e-03 5.000000000000000104e-03
-2.749580467248066012e-02 -3.271122261211636961e-02 3.801999736591748363e-02 -8.001402893588610565e-02 -8.169334574110937927e-03 2.939135641420191625e-02 -5.730933255583068459e-02 5.902315437081233178e-03 4.000000000000000083e-02 -4.044225812231412587e-03 -4.252848552327298526e-03 5.000000000000000104e-03 1.336257983577758719e-03 8.715745861829265941e-04 1.007666990666519595e-02
-2.539558318016958346e-02 -3.418237713630985219e-02 4.000000000000000083e-02 -8.127396199780929920e-02 -8.596933380734401650e-03 2.823287902366812194e-02 -5.784329416868017049e-02 6.232208763149872655e-03 4.000000000000000083e-02 -2.468565696452623530e-06 -2.152104404367710127e-06 5.000000000000000104e-03 1.796060993579929901e-06 1.867619637261956265e-06 5.000000000000000104e-03
-2.539612751010078204e-02 -3.418190806132216653e-02 4.000000000000000083e-02 -9.161588657049218876e-02 -9.691049894730420153e-03 1.971048161089276884e-02 -5.784310881180633468e-02 6.232910336726790040e-03 4.000000000000000083e-02 -7.509341552253352213e-07 -7.301061094160308578e-07 5.000000000000000104e-03 -6.134572720108152800e-07 1.361622384825353673e-06 5.000000000000000104e-03
-2.539691885265116592e-02 -3.418299478655777157e-02 4.000000000000000083e-02 -7.236383923635290871e-02 -7.656024739647040653e-03 4.000000000000000083e-02 -5.784232633134810120e-02 6.235027803303883238e-03 4.000000000000000083e-02 -4.090921646244643486e-06 1.020636462803037569e-06 5.000000000000000104e-03 -7.837245845200648843e-06 -2.316227904009143247e-06 5.000000000000000104e-03
-2.539548642481497323e-02 -3.418223377639732774e-02 4.000000000000000083e-02 -7.912145126640732218e-02 -8.369326747772949313e-03 3.060034109462602889e-02 -5.784335953466914620e-02 6.233768646720226625e-03 4.000000000000000083e-02 -2.633847532226722064e-08 2.729919443088464989e-07 5.000000000000000104e-03 -7.545698629152937860e-08 -1.237841684599297773e-07 3.128113557005285372e-02
6.759991748498749389e-05 9.754971697261178459e-05 1.726703629267629589e-02 -5.539230338478895455e-02 -1.799914915538154952e-03 2.643613765353427028e-02 -5.511032708547675130e-02 -1.989625548971173336e-04 4.000000000000000083e-02 -4.993305598723575661e-07 -8.393032538331523001e-08 2.539917291211189407e-02 2.820689021927447115e-06 -1.733515875144862850e-06 5.000000000000000104e-03
-2.539600329105680399e-02 -3.418186313547486033e-02 4.000000000000000083e-02 -7.236370327377880662e-02 -7.654888802639712823e-03 3.999881427573204196e-02 -5.784318528011272997e-02 6.233296546554656717e-03 4.000000000000000083e-02 1.554099155367872211e-07 -8.358231056076050721e-07 2.154043674515284182e-02 3.083424518950523634e-06 -1.290301943379045458e-06 5.000000000000000104e-03
-2.539762745998147900e-02 -3.418079880032291046e-02 4.000000000000000083e-02 -7.918937532879356811e-02 -8.376634657181932994e-03 3.052177947554829754e-02 -5.784305567598450881e-02 6.233777875104502125e-03 4.000000000000000083e-02 4.086200053908289763e-07 -4.889192510160010308e-07 1.847526721777533951e-02 -3.960693518977142113e-07 3.895759730226215255e-07 2.212950730256317208e-02
-2.540393037341663954e-02 -3.417595169445840353e-02 4.000000000000000083e-02 -9.900627155771395127e-02 -1.047324268566619983e-02 1.561816970477396260e-02 -5.784126144163659333e-02 6.235664137590548467e-03 4.000000000000000083e-02 -1.245781632383124298e-05 -2.118151466650463515e-07 5.000000000000000104e-03 -5.100780614822972681e-06 1.275465954898368588e-05 5.000000000000000104e-03
-2.539532277162091095e-02 -3.418222387095865705e-02 4.000000000000000083e-02 -1.005884988488901371e-01 -1.063969795602795650e-02 1.489231471571984995e-02 -5.784345230614263561e-02 6.232168813354791240e-03 4.000000000000000083e-02 -1.691542562355664311e-06 -9.232140782823476756e-07 5.000000000000000104e-03 1.301377963140815356e-06 2.302114810822811713e-07 5.000000000000000104e-03
-2.539688533853229693e-02 -3.418091425315795268e-02 4.000000000000000083e-02 -7.352994127080661468e-02 -7.777364425567468570e-03 3.812525662555181494e-02 -5.784259712347734894e-02 6.231397834956067458e-03 4.000000000000000083e-02 2.824470170673531609e-06 -3.409395951068051632e-06 5.000000000000000104e-03 -1.301753703286196186e-06 -7.472741351736731061e-07 1.674366529096821959e-02
-2.539708137261690452e-02 -3.418132679052755807e-02 4.000000000000000083e-02 -9.113361392552234153e-02 -9.640828995023274436e-03 2.002514760088969920e-02 -5.784300724015574435e-02 6.232313029820103593e-03 4.000000000000000083e-02 -9.033747713815144036e-07 -4.212604459196939704e-06 5.000000000000000104e-03 1.463219118841430379e-06 -7.940161928922303236e-07 5.000000000000000104e-03
-2.539716275377697577e-02 -3.418120317694341159e-02 4.000000000000000083e-02 -7.849949561133212628e-02 -8.304564815186623455e-03 3.133347767602200074e-02 -5.784296513916368371e-02 6.232504993233553385e-03 4.000000000000000083e-02 6.032898528140383042e-07 -3.524194016294822487e-06 5.000000000000000104e-03 3.282136402528865778e-07 4.366391953049792046e-07 8.958973488697468193e-03
-2.539529305903456130e-02 -3.418177848960790577e-02 4.000000000000000083e-02 -8.912828661744062742e-02 -9.427644374097510563e-03 2.140687730185419566e-02 -5.784360731721025634e-02 6.232784956636390657e-03 4.000000000000000083e-02 -1.526162183176298083e-06 1.223573596522123773e-06 8.246874513026788978e-03 -5.055206370457646319e-08 6.580688255933200983e-07 5.000000000000000104e-03
-2.539931950833058949e-02 -3.417991073431260463e-02 4.000000000000000083e-02 -1.059969615831063833e-01 -1.121339042083994465e-02 1.272726003257804508e-02 -5.784217794047635808e-02 6.232459493394843300e-03 4.000000000000000083e-02 1.536414158301927568e-06 -4.625416889771607595e-06 5.000000000000000104e-03 4.212984088128883715e-06 -2.811714640669763211e-06 5.000000000000000104e-03
-2.539764934145016112e-02 -3.418050918934321947e-02 4.000000000000000083e-02 -8.368331391481909076e-02 -8.851870125584870158e-03 2.586381367665354508e-02 -5.784259633135183792e-02 6.233451138877085275e-03 4.000000000000000083e-02 3.871279706254785359e-06 4.994205773321360969e-06 5.000000000000000104e-03 -4.919934607792166355e-07 3.932080794594351489e-07 2.225125930496719973e-02
-2.539529635052430873e-02 -3.418234144782444223e-02 4.000000000000000083e-02 -7.612633285793196647e-02 -8.052871979524185361e-03 3.435590067689199556e-02 -5.784329574100955523e-02 6.232949388173076796e-03 4.000000000000000083e-02 2.298413424925137728e-06 3.064121992813085313e-06 5.000000000000000104e-03 2.484836390775095275e-06 6.607693278335271559e-06 5.000000000000000104e-03
-2.539799189538335597e-02 -3.417976010258071129e-02 4.000000000000000083e-02 -8.803134542399958240e-02 -9.309991354658021800e-03 2.221745223308285722e-02 -5.784275634074506622e-02 6.233395275212829170e-03 4.000000000000000083e-02 7.273821035895988801e-07 1.908679406824026346e-06 5.000001036230332548e-03 -1.508055317150365314e-06 -1.579825471176164709e-06 5.000000000000000104e-03
-2.539507534192932472e-02 -3.418272077154031058e-02 4.000000000000000083e-02 -8.561327889473079045e-02 -9.055669503524287067e-03 2.415359223696161156e-02 -5.784301924056303723e-02 6.232228572297282727e-03 4.000000000000000083e-02 -6.718990573383902399e-07 1.042863260443322145e-06 1.491254589891639372e-02 -2.717227287545508692e-07 -2.456389936061530400e-06 5.000000000000000104e-03
-2.539438162646177541e-02 -3.418344946057649825e-02 4.000000000000000083e-02 -1.181763601300186012e-01 -1.250156193737825272e-02 9.183699384957676876e-03 -5.784355958428050865e-02 6.232710143386751070e-03 4.000000000000000083e-02 1.255907037985776864e-06 -1.056175181091928076e-06 5.000000000000000104e-03 -3.436362381749851642e-06 -3.562736075106288548e-06 5.000000000000000104e-03
-2.539379958479202545e-02 -3.418359473464068626e-02 4.000000000000000083e-02 -9.140318581612884297e-02 -9.669118658213437731e-03 1.984793058224423867e-02 -5.784338120036826292e-02 6.233299952590645558e-03 4.000000000000000083e-02 7.351968938148139558e-07 1.145588045988293299e-06 5.000000000000000104e-03 -5.430019749004201558e-07 1.705351885713267456e-07 1.519762661473620519e-02
-2.539601988718645509e-02 -3.418192123773168556e-02 4.000000000000000083e-02 -7.876844833569703053e-02 -8.331703523779406331e-03 3.101362253367626054e-02 -5.784297110703440908e-02 6.232544178490852758e-03 4.000000000000000083e-02 9.132047083818294593e-08 -1.927643763185577732e-06 5.000000000000000104e-03 1.357241977230945671e-06 -1.085859819981876876e-06 5.000000000000000104e-03
-2.539607520260012130e-02 -3.418170827705928339e-02 4.000000000000000083e-02 -7.484941543827219879e-02 -7.917304248253357116e-03 3.614453038462035056e-02 -5.784312550204048775e-02 6.232814400471657287e-03 4.000000000000000083e-02 3.010564064543038015e-07 1.951753537754787363e-07 5.000000000000000104e-03 1.297539535800569767e-07 4.828855442040569476e-07 5.748199747533801196e-03
-2.539578621365803923e-02 -3.418201495240172361e-02 4.000000000000000083e-02 -7.804267850219899494e-02 -8.254982175002117950e-03 3.188710481301181010e-02 -5.784298383364900459e-02 6.232841225483872274e-03 4.000000000000000083e-02 -2.122392008173936965e-06 9.936559765638654717e-07 5.000000000000000104e-03 -1.637223156896801856e-07 9.152743532157484806e-07 1.586163629660124544e-02
-2.539740534225957275e-02 -3.418211747460032229e-02 4.000000000000000083e-02 -8.837774460741891491e-02 -9.347863688139371532e-03 2.195817891325618429e-02 -5.784286979485207120e-02 6.233863989510185673e-03 4.000000000000000083e-02 -2.525230829275036684e-07 -6.088758154148129415e-08 3.160850572530327779e-02 4.391648017219033853e-07 -1.671143123538355633e-07 8.200735197044011979e-03
-5.038933877563449293e-02 8.947918527065213540e-03 4.000000000000000083e-02 -1.110378477349952958e-01 9.745837292516615347e-03 1.577910190930901721e-02 2.707015775400056020e-04 -1.286313994162957336e-03 1.128707431763214045e-02 2.615262083480520063e-06 1.195674901763030734e-06 5.000000000000000104e-03 -1.704871335247594789e-07 -1.535272954083074111e-06 5.000000000000000104e-03
-2.539494057739644442e-02 -3.418276683586848885e-02 4.000000000000000083e-02 -7.865463422390915615e-02 -8.320447835006966261e-03 3.114830183958874552e-02 -5.784340411206540661e-02 6.232630542353586808e-03 4.000000000000000083e-02 -2.034214344087900299e-06 5.733675165984002898e-07 1.246555690409735691e-02 3.014780014707943307e-07 -1.018003706729948781e-06 1.289685250741112212e-02
-2.539799396519620486e-02 -3.418112322750106735e-02 4.000000000000000083e-02 -1.362752303207185045e-01 -1.441385776421698177e-02 5.989187350514268635e-03 -5.784252736576762227e-02 6.231465680953174324e-03 4.000000000000000083e-02 1.548829130600692579e-06 6.852915124003979656e-06 5.000000000000000104e-03 -8.564983630799451151e-06 7.044081205179023311e-06 5.000000000000000104e-03
-2.539437134073433897e-02 -3.418190495398972656e-02 4.000000000000000083e-02 -9.626785577650059933e-02 -1.018141091342597560e-02 1.698857436555495717e-02 -5.784334326884197491e-02 6.229831594728034959e-03 4.000000000000000083e-02 -5.895682167766068822e-06 7.633727808694980727e-06 5.000000000000000104e-03 -1.821722105420706544e-06 4.250980558088265523e-06 5.000000000000000104e-03
-2.539671503403277339e-02 -3.418074806518236336e-02 4.000000000000000083e-02 -9.223821994107939126e-02 -9.756730603500633064e-03 1.931391002078543598e-02 -5.784283129334062690e-02 6.233163507346027934e-03 4.000000000000000083e-02 9.344890677113094195e-07 -3.952599257473741208e-07 5.000000000000000104e-03 -9.164152841938380788e-07 8.053421600212436764e-07 5.000000000000000104e-03
-2.539580827580626907e-02 -3.418141052218828801e-02 4.000000000000000083e-02 -7.979556258268402646e-02 -8.440210362496798277e-03 2.983080206338855137e-02 -5.784305245441803689e-02 6.232724356733857982e-03 4.000000000000000083e-02 2.041122715599464015e-06 2.946970642243844828e-07 2.347546046027515834e-02 8.789889154923155531e-07 1.396844314336043525e-06 2.068376362705314983e-02
-2.539490315218386265e-02 -3.418281705544925358e-02 4.000000000000000083e-02 -8.416374166994351758e-02 -8.902892932576809970e-03 2.542338190109527316e-02 -5.784343582975347980e-02 6.232833204574893607e-03 4.000000000000000083e-02 1.021378157156203823e-06 -2.475201642589276437e-07 5.000000000000000104e-03 -8.452113717414475703e-07 4.484731855607955843e-07 5.000000000000000104e-03
-2.539468089706381146e-02 -3.418207201947245227e-02 4.000000000000000083e-02 -9.155747109429870911e-02 -9.687323882058536742e-03 1.974751418070950712e-02 -5.784373053470318743e-02 6.234428076532079477e-03 4.000000000000000083e-02 -2.623778014645324176e-06 -3.870803428839180535e-06 5.000000000000000104e-03 4.054518127479561680e-07 7.046073466854015320e-06 5.000000000000000104e-03
-2.539575562104915904e-02 -3.418213692265235221e-02 4.000000000000000083e-02 -1.027302980627742279e-01 -1.086652803384836538e-02 1.398020131182829695e-02 -5.784323397985698806e-02 6.232931638000937385e-03 4.000000000000000083e-02 -1.314413524786101844e-06 -1.048443826475588822e-06 7.276388125605127814e-03 -2.790612164190843816e-06 1.488659489477920490e-06 5.000000000000000104e-03
-1.074293668096860368e-04 1.525240072787637110e-04 8.103390661356050031e-03 -6.154914353450945119e-02 -1.998134964201602609e-03 1.926917228093107462e-02 -5.510943211263323593e-02 -2.010051485781482697e-04 4.000000000000000083e-02 2.567942630395950914e-06 1.017413340777248333e-06 5.000000000000000104e-03 -8.270829969806661927e-07 -2.316118820594248058e-06 5.000000000000000104e-03
-2.539954184542920004e-02 -3.417670415037209197e-02 4.000000000000000083e-02 -1.119000968814720942e-01 -1.183241781656799163e-02 1.081651092413972969e-02 -5.784173532953294089e-02 6.231672185850489244e-03 4.000000000000000083e-02 -6.501544064775815365e-06 -1.617267819603695633e-06 5.000000000000000104e-03 1.991542352406883512e-06 3.989474461999100863e-06 5.000000000000000104e-03
-2.539122955234754050e-02 -3.418605805098013511e-02 4.000000000000000083e-02 -7.449164688572236515e-02 -7.881194204348563465e-03 3.666711357073211552e-02 -5.784406976698095587e-02 6.232495762481676110e-03 4.000000000000000083e-02 9.380376601123017285e-07 7.582470105746767657e-07 5.000000000000000104e-03 -1.701387241471970690e-06 -6.310022664829598244e-06 5.000000000000000104e-03
-7.026648285503020168e-07 -4.452106402272974412e-06 5.000000000000000104e-03 7.418616632694700452e-05 1.728186023855189191e-04 2.015822170018176027e-02 -5.615332017925396546e-02 -1.376663773226391636e-04 4.000000000000000083e-02 2.090285539118609047e-06 -9.740221044555352108e-07 5.000000000000000104e-03 2.868611728531002762e-07 -5.411364141910733237e-07 2.007432439880207226e-02
-2.539569227848459051e-02 -3.418188002037951534e-02 4.000000000000000083e-02 -7.248870808087183593e-02 -7.667122992668658384e-03 3.979206049411859042e-02 -5.784309566719499085e-02 6.233576617030691519e-03 4.000000000000000083e-02 2.777409141331753895e-06 9.959414698375190330e-06 5.000000000000000104e-03 2.162859424451689485e-06 -1.234853814175042946e-06 5.000000000000000104e-03
-2.539624077909014357e-02 -3.418182299373843935e-02 4.000000000000000083e-02 -8.419200101151147475e-02 -8.905892722208388901e-03 2.539795501632380673e-02 -5.784302886222183332e-02 6.233054495581208040e-03 4.000000000000000083e-02 2.061340852887170055e-06 -2.697465536024456733e-06 5.000000000000000104e-03 3.084402764460615596e-06 3.829899527648836596e-06 5.000000000000000104e-03
-2.539677180105401680e-02 -3.418142899438385979e-02 4.000000000000000083e-02 -7.942890295318619232e-02 -8.401925179724366657e-03 3.024644742861502464e-02 -5.784297878609520605e-02 6.232415930906010093e-03 4.000000000000000083e-02 2.351393767071363367e-08 -1.374420037505454705e-07 5.000000000000000104e-03 -1.453241803425827164e-07 6.244902437312287040e-07 5.912923870577979114e-03
-2.539570371253829437e-02 -3.418210269072927826e-02 4.000000000000000083e-02 -7.740546932833021476e-02 -8.187724764818894371e-03 3.268082651203628453e-02 -5.784308531498742051e-02 6.232514142437606611e-03 4.000000000000000083e-02 -8.676906806654061485e-07 -6.847995962217091877e-07 1.815421138772688181e-02 4.145429762045670336e-07 7.305646751007851845e-10 5.000000000000000104e-03
-2.539719482212351651e-02 -3.418095436781019153e-02 4.000000000000000083e-02 -8.590158417547048841e-02 -9.086996422569798559e-03 2.391144060267074919e-02 -5.784289913478742745e-02 6.233264953756089376e-03 4.000000000000000083e-02 6.459360038070460890e-07 7.049301382815610284e-07 1.859843950211061483e-02 -9.755967310330395006e-07 -5.794834662340642916e-07 2.060739583467382022e-02
-2.827416971667955428e-02 -3.180575940979054467e-02 3.921013569951565386e-02 -7.978355482888357941e-02 -6.269872566833514273e-03 2.974958586020082577e-02 -5.682167439517587376e-02 3.854416157449829048e-03 4.000000000000000083e-02 7.972613072413673937e-04 -8.109762393897764843e-04 3.585130282626747267e-02 5.960868535050547568e-05 -2.890165827098554780e-04 3.245336488689512522e-02
-2.539418809901293136e-02 -3.418366049314124078e-02 4.000000000000000083e-02 -8.817296594305006063e-02 -9.326687716406692821e-03 2.211081513214655306e-02 -5.784356835879147368e-02 6.231549200804552963e-03 4.000000000000000083e-02 1.723006053014524601e-06 -5.078133474901246245e-06 5.000000000000000104e-03 -6.854477710503030643e-08 -2.686059587913686436e-06 8.273314307565652129e-03
-2.539936029169856391e-02 -3.417848857951196612e-02 4.000000000000000083e-02 -7.303685303479755253e-02 -7.724510622450808314e-03 3.890223469870243700e-02 -5.784214154807097719e-02 6.232201873949688373e-03 4.000000000000000083e-02 -5.154844697542848175e-07 1.709202465135241966e-06 5.000000000000000104e-03 4.433018187613713766e-07 7.622382432664765725e-07 1.588905045184700951e-02
-2.539491460657657129e-02 -3.418299569527876586e-02 4.000000000000000083e-02 -9.534806405179765965e-02 -1.008641728779111763e-02 1.748538348745535057e-02 -5.784363090427541154e-02 6.232486777403498969e-03 4.000000000000000083e-02 -1.341339089368745202e-06 -1.688161902135525339e-06 5.000000000000000104e-03 -7.211110204299756108e-06 5.142117383416341178e-07 5.000000000000000104e-03
-2.539572688186804428e-02 -3.418163851216930033e-02 4.000000000000000083e-02 -7.257889085332371037e-02 -7.677567355931591217e-03 3.964349078129938281e-02 -5.784323803228612337e-02 6.232814761212033226e-03 4.000000000000000083e-02 -1.148412246314400676e-07 2.866771199540735083e-08 1.179571003078152582e-02 -8.765689159869015674e-09 1.249575073586719305e-08 1.118813703739095396e-02
-2.539548691700164312e-02 -3.418280608676426552e-02 4.000000000000000083e-02 -8.742482355747929756e-02 -9.248229697312164779e-03 2.268349588625115723e-02 -5.784333320086686159e-02 6.232489128901739887e-03 4.000000000000000083e-02 5.222663808153677603e-07 1.795656881901550729e-07 1.694906700643381697e-02 2.819419887015482694e-07 -2.332310610461935182e-06 5.000000000000000104e-03
-2.539139374286242257e-02 -3.418556758107337695e-02 4.000000000000000083e-02 -7.469565872991727751e-02 -7.903749862799567746e-03 3.636837830181968712e-02 -5.784436265259521731e-02 6.234205166021045477e-03 4.000000000000000083e-02 -2.093550357767258935e-06 1.197914426159390196e-05 5.000000000000000104e-03 8.599238793557707015e-07 2.433021680848585258e-06 5.000000000000000104e-03
-2.539647657400074393e-02 -3.418120362870232659e-02 4.000000000000000083e-02 -1.034523216709797439e-01 -1.094226606182934977e-02 1.368959685013600679e-02 -5.784283637395761651e-02 6.232217943248847050e-03 4.000000000000000083e-02 -1.449804288118112355e-07 -1.573889328533028428e-07 1.430024293177712368e-02 5.203388124284638784e-07 3.456256795921768280e-07 8.913981255561918490e-03
-2.539834061328714518e-02 -3.417948159997308277e-02 4.000000000000000083e-02 -8.405407659532339315e-02 -8.888973570326400356e-03 2.552296889716710454e-02 -5.784245785569578496e-02 6.231885673821767856e-03 4.000000000000000083e-02 -7.546319791287987359e-06 1.195755974948093184e-05 5.000000000000000104e-03 -9.840221668317435412e-07 1.296330690347678785e-06 5.000000000000000104e-03
-2.539701846490175288e-02 -3.418106267505412882e-02 4.000000000000000083e-02 -1.027982452769753835e-01 -1.087386759521496299e-02 1.395251662341709907e-02 -5.784291480124788276e-02 6.233384510355741842e-03 4.000000000000000083e-02 -9.045231813183989443e-08 -4.834753799831018600e-07 1.558054056535759270e-02 1.820841033037327345e-07 1.592248062288193952e-07 5.000000000000000104e-03
