4.944234589442800809e-01
4.944234596360825296e-01
4.944234586204732662e-01
4.944234587691290761e-01
4.944234585858627851e-01
4.944234590271425200e-01
4.944234596704331630e-01
4.944234628791288610e-01
4.944234584748040673e-01
4.944234597424674305e-01
6.128307765501748161e-01
4.944234603702155617e-01
4.944234594498791990e-01
4.944234588310539857e-01
4.944234596999921294e-01
6.072020781112975607e-01
4.944234598501455191e-01
4.944234584027884516e-01
4.944234776802768350e-01
4.944234617147218458e-01
4.944234606444326552e-01
6.072020782442331122e-01
4.944234622090115105e-01
4.944234597290672606e-01
4.944234583260511129e-01
4.944234598877261244e-01
4.944234583649642634e-01
4.944234582672732969e-01
4.944234663107405225e-01
4.944234620896351684e-01
4.944234585932773540e-01
4.944234650622159055e-01
4.944234602054067285e-01
4.944234585024638862e-01
4.944234589837607219e-01
6.072021094257149532e-01
4.944234616410986827e-01
4.944234588852772783e-01
6.826454928823397772e-01
4.944234583262558935e-01
4.944234642077769970e-01
4.944234584671248212e-01
4.944234629668408654e-01
4.944234597315651514e-01
4.944234602435261250e-01
4.981951359128473644e-01
4.944234584681436173e-01
4.944234585493926248e-01
4.944234585510754454e-01
4.944234592012223262e-01
4.944234585850816321e-01
4.944234588287895749e-01
4.944234594042799524e-01
4.944234606119708997e-01
4.944234721361758789e-01
4.944234595504530816e-01
4.944234591829917980e-01
4.944234600144992164e-01
4.944234598988259677e-01
4.944234624571729464e-01
4.944234607682162497e-01
4.944234585549875938e-01
4.944234597695150724e-01
4.944234586285340960e-01
4.944234614499015135e-01
4.944234616668390925e-01
4.944234624325331007e-01
4.944234587916793711e-01
4.944234602604840045e-01
4.944234584720754722e-01
4.944234587371470480e-01
4.944234582423152613e-01
4.944234583915272929e-01
4.944234588124065688e-01
4.944234603119648797e-01
4.944234586280290555e-01
4.944234615311964287e-01
4.944234664830180481e-01
4.944234620731212670e-01
4.944234621873144775e-01
4.944234596146306338e-01
4.944234587706631823e-01
4.944234619517833274e-01
4.944234586012501431e-01
4.944234635212400586e-01
4.944234587043542239e-01
4.944234605394810522e-01
4.944234584483891970e-01
4.944234599984060896e-01
4.944234585861191911e-01
4.944234587631075595e-01
4.944234592503131132e-01
4.944234585122184167e-01
4.944234587456993735e-01
4.944234594462918464e-01
4.944234599931074947e-01
4.944234590199829693e-01
4.944234587112100732e-01
6.826454985150113286e-01
4.944234588483168436e-01
4.944234604682639089e-01
4.944234589353947440e-01
4.944234597449129742e-01
4.944234595040155611e-01
6.072020763670876731e-01
4.944234605924059389e-01
4.944234600586140393e-01
4.944234590722982325e-01
4.944234585160331985e-01
4.944234585301818252e-01
6.021904973184272203e-01
4.944234622065699081e-01
4.944234628697514733e-01
4.944234591348038999e-01
5.003274739623457812e-01
4.944234593721749116e-01
4.944234590170891175e-01
4.944234624349425067e-01
4.944234599458514623e-01
4.944234591825349967e-01
4.944234593126984878e-01
4.944234593118708720e-01
4.944234599446343248e-01
4.944234593728922267e-01
4.944234597328979186e-01
4.944234594207154165e-01
4.944234602253446131e-01
4.944234590219544478e-01
4.944234586814708621e-01
4.944234592947384099e-01
4.944234591501256437e-01
4.944234920130446409e-01
4.944234613038168691e-01
4.944234588817785214e-01
4.944234588891337490e-01
4.944234584820326184e-01
4.944234602286273761e-01
4.944234648332958004e-01
4.944234584131248500e-01
4.944234586881239846e-01
4.944234602589523409e-01
4.944234584083458950e-01
4.944234583275486372e-01
4.944234584736747484e-01
4.982129104713676204e-01
4.944234659108391883e-01
4.944234597177314949e-01
4.944234585450317798e-01
4.944234588574213385e-01
4.944234609872515396e-01
4.944234592483540691e-01
4.944234584514829445e-01
4.944234596296291362e-01
4.944234741475959094e-01
4.944234642413931069e-01
4.944234700482900147e-01
4.944234594735836819e-01
4.944234585060970355e-01
4.944234585057376563e-01
4.944234634014866847e-01
4.944234584918006381e-01
4.944234637971400836e-01
4.944234608957530641e-01
4.944234602581331628e-01
4.944234593643969111e-01
4.944234583421050488e-01
4.944234583719588905e-01
6.826454922601014053e-01
6.072020923248693247e-01
4.944234820385442486e-01
6.072021463878332082e-01
4.944234596774376711e-01
4.944234647298944019e-01
4.944234583659128379e-01
4.944234676283980612e-01
4.944234651279444392e-01
4.944234623563344422e-01
4.944234585627410583e-01
4.944234653609078656e-01
4.944234614567822872e-01
4.944234702288320960e-01
4.944234599507594252e-01
4.944234585940501248e-01
4.944234586376390350e-01
4.944234583871233157e-01
4.944234599080272741e-01
4.944234591703193793e-01
4.944234590753895375e-01
4.944234587730214070e-01
4.944234779232442589e-01
4.944234595519718112e-01
4.944234594224763968e-01
4.944234588357144800e-01
4.944234621132180818e-01
4.944234607984973051e-01
4.944234583985338549e-01
5.044898665955828143e-01
4.979529979959611552e-01
4.944234591040551074e-01
4.944234583564566243e-01
4.944234659701688406e-01
4.944234584165047020e-01
6.072020796136393672e-01
4.944234589890416642e-01
4.944234587405440529e-01
4.944234797409582938e-01
4.944234586988222047e-01
4.944234598141810100e-01
4.944234594080818557e-01
4.944234592233228143e-01
4.944234589143182701e-01
4.944234618078647281e-01
4.944234601812665941e-01
4.944234613161297975e-01
4.944234593680790768e-01
4.944234590809194474e-01
4.944234596388379366e-01
4.944234593028047353e-01
4.944234585768509938e-01
4.944234582969799785e-01
4.944234587124012870e-01
4.944234590471757174e-01
7.156200975691219268e-01
4.944234589350073872e-01
4.944234665366379344e-01
4.944234659544489707e-01
4.944234584512980368e-01
4.944234597389409736e-01
4.944234584243071273e-01
4.944234627095233092e-01
4.944234588408282227e-01
6.072020778100655214e-01
4.944234647374990410e-01
4.944234627853230646e-01
6.826454944176568729e-01
4.944234630667209140e-01
4.944234598888268550e-01
4.944234583409491401e-01
4.944234584681889699e-01
4.944234588014695952e-01
4.968389112954572084e-01
4.944234605119910420e-01
4.944234596151019234e-01
4.944234611363770848e-01
4.944234583622524326e-01
4.944234586523453823e-01
4.944234667927921434e-01
4.944234585753143341e-01
4.944234673392743362e-01
4.944234582932260924e-01
