4.937329355761508332e-01
4.937091219018481802e-01
4.936770849864319799e-01
4.937176761478772602e-01
4.937751204559511775e-01
4.937068332330547538e-01
4.936981512720927667e-01
4.936826545244899500e-01
4.937133502176785371e-01
4.937262275129756239e-01
4.937229301143811200e-01
4.937343935182962884e-01
4.937132526382023712e-01
4.937279772858293447e-01
4.938051564876494437e-01
4.936629802216719320e-01
4.937362244775553854e-01
4.937358047981004749e-01
4.937105087463269926e-01
4.937107156266017371e-01
4.937265705733110410e-01
7.294464302384702226e-01
4.937221584541904296e-01
4.936834900604315512e-01
4.936268342975590473e-01
8.171544138518205269e-01
6.230982052029475637e-01
1.096444596647095926e+00
7.804355164930248945e-01
8.497703990179340527e-01
9.906214251477912791e-01
7.036818681605043757e-01
7.910371420366718587e-01
8.102913973217797938e-01
7.406449534803840606e-01
8.694152950507035849e-01
7.118158176972745332e-01
7.397798178055607909e-01
7.293631847068716700e-01
7.332222830472472364e-01
6.046405500868980987e-01
6.441954709865189699e-01
7.015988938729995628e-01
7.653648328953241986e-01
6.519363969639190293e-01
7.327569862771706743e-01
6.312599884807698070e-01
3.852221870444455520e-01
7.199571850969277431e-01
4.457762255256394468e-01
9.989275348118776821e-01
9.835945457324338781e-01
7.875561351744488903e-01
6.228451315369208929e-01
5.232407459686713169e-01
6.901715684801698059e-01
7.632173907688195591e-01
8.759243759646241356e-01
7.463844023977310727e-01
9.947523602249083163e-01
5.816438379551290838e-01
8.320366847856576209e-01
8.130460494069792210e-01
7.611597750703604781e-01
5.746919080711652139e-01
4.875493226080429565e-01
8.532942850720289796e-01
8.688162472350815513e-01
8.032606305372803623e-01
9.193612245602739153e-01
5.232987918089078150e-01
1.052185318434583516e+00
4.804320547492687554e-01
7.297799069958925688e-01
1.108141603629552829e+00
8.965935949264460803e-01
8.604642740257294475e-01
7.945151672153030198e-01
9.878411077351723080e-01
8.457820996053755369e-01
7.277374819607139722e-01
6.695783966675311616e-01
7.539058401028826406e-01
5.907245107439857978e-01
6.431862604443246978e-01
5.590290317551215304e-01
3.585696774022305577e-01
7.432159266066115100e-01
8.989053553715695699e-01
6.897474620925064803e-01
9.400723499372093395e-01
8.079426124850946911e-01
9.664903983474675275e-01
7.818807896691581938e-01
6.329773326198724348e-01
6.148163052239522530e-01
6.866775749490456882e-01
7.036903468142341467e-01
6.737461979092034259e-01
6.820679217724262555e-01
7.248000838248734867e-01
5.877226636028662909e-01
7.721273808290113339e-01
5.860647093114393913e-01
7.127253740939594184e-01
4.903831290713845381e-01
6.841186313921749917e-01
8.265749766602999982e-01
5.903031830901052102e-01
5.992930202318118571e-01
7.585536309055943560e-01
4.753557277712278650e-01
8.079442282264568398e-01
6.735806841637710374e-01
5.729791189454699341e-01
8.753155382193469336e-01
5.383377776758919708e-01
7.994648804596231617e-01
5.971472543287075219e-01
5.863691739756071719e-01
6.217184611708435060e-01
7.144831381330293274e-01
7.250763655305048072e-01
7.016672103193425380e-01
5.745659700591722041e-01
6.237774620762499556e-01
1.015544302540268840e+00
1.203608728006141604e+00
9.112056717022600782e-01
7.715918577945297674e-01
8.703314311890352206e-01
6.471785380055748993e-01
7.661948707970075434e-01
8.837541913766623347e-01
6.064226428830942206e-01
7.600607698121939482e-01
9.931565172807441666e-01
5.434605023716387873e-01
8.538442346957639817e-01
6.958601572774306687e-01
7.329476159738644858e-01
1.126188932229695405e+00
6.731692390447479024e-01
4.805224480084520633e-01
1.081779115819382353e+00
6.772851140841903428e-01
9.580240330574891772e-01
6.129948961154424447e-01
8.724264163704924524e-01
5.251373682865656534e-01
9.186239651891460190e-01
8.471683001912856392e-01
6.174455413691422034e-01
6.474687134685777057e-01
8.179963722805344561e-01
6.876164937939895916e-01
7.387013807529067000e-01
5.855713328435498966e-01
8.119595923541910176e-01
7.691045246723717810e-01
7.881820069593832301e-01
8.136443035742574326e-01
9.122120319715146808e-01
7.332394547159661879e-01
6.898717456206177046e-01
1.085355839231915587e+00
9.106729686001358015e-01
7.447656129874389297e-01
5.532254559186368104e-01
7.583824429795419375e-01
4.760958502925444757e-01
6.381313543664444143e-01
8.484179359812209498e-01
8.197793260533366988e-01
7.685871344013637252e-01
5.792885719250856491e-01
7.844029868056524579e-01
7.430644903460530415e-01
8.544662784614072137e-01
8.493056752673250331e-01
7.598515307787032658e-01
9.447417436371734478e-01
7.481464099332206796e-01
7.778260495450510792e-01
1.053845653829930118e+00
5.275401760197776513e-01
7.506410104729080990e-01
7.282109014143434145e-01
5.002856965580599891e-01
8.475241369325468010e-01
8.316927524738129129e-01
9.625107542353467105e-01
6.197399310643526560e-01
6.958928206256043136e-01
4.246273724203222799e-01
8.217984753723840408e-01
6.091534494741646100e-01
8.054448764823916029e-01
6.023213054665121913e-01
6.982935160758042548e-01
7.332014975040245242e-01
9.780115366134087829e-01
7.934753317585491184e-01
6.364768985673108226e-01
6.900129884712452588e-01
6.296790295386892611e-01
7.190929295275702016e-01
5.369623348783072458e-01
7.331852984526944228e-01
8.109401219198554278e-01
7.427126548597761113e-01
8.116161517576259143e-01
8.798350048263681167e-01
6.525206172582977970e-01
9.793334590154703090e-01
9.004956697299635326e-01
8.660079833861542564e-01
7.868516464764719887e-01
7.860472647574580085e-01
5.202289333806648930e-01
7.074292172678299240e-01
6.313935774476736595e-01
7.748015816779449949e-01
8.715840280797637618e-01
7.603049440181314234e-01
8.219614200903140322e-01
7.052967195882540175e-01
5.416124704633180631e-01
7.845006264550018482e-01
6.103076256947116418e-01
5.891681101318470004e-01
7.126578834833543485e-01
4.961332238637024550e-01
8.043845572397703148e-01
6.374588155171024839e-01
5.454835000758951891e-01
8.140405204332579192e-01
1.005223409784980815e+00
8.636935873432648458e-01
9.835529500348750842e-01
6.982975275303506812e-01
1.011518650642520001e+00
6.209136330325182307e-01
7.010117163565623422e-01
8.484756597737193040e-01
7.477808126385909748e-01
6.401004654776949465e-01
9.331747282640953101e-01
6.836079112834403393e-01
1.085747752540341837e+00
1.827187753729123543e+01
1.499637157107251717e+01
1.817950109979489071e+01
4.713447199412745903e+01
2.677329206946723161e+01
3.158309569006805972e+01
2.147627889565785964e+01
5.368176317416332921e+01
1.701056026299660928e+01
2.970367044963552416e+01
4.079181258570309154e+01
2.223851581046998760e+01
2.060387052853085166e+01
1.386088258642596749e+01
3.118140944252563429e+01
1.812796911048971893e+01
2.622661088299360088e+01
1.772474021560051938e+01
2.142429428451628581e+01
1.685647250138690012e+01
4.620970976290911381e+01
2.359728684108539909e+01
1.925162189973088189e+01
2.848894583442611861e+01
4.233496895287666462e+01
3.361764515844812706e+01
1.597745901529592594e+01
1.734599697049234024e+01
2.227346613399313924e+01
1.395443429090809673e+01
2.716717679518696826e+01
1.857309226724928664e+01
3.051144515395693446e+01
1.855780833454700129e+01
1.599662774828018108e+01
2.968121415387207307e+01
5.878276445730014643e+01
4.989014610988046883e+00
1.771242928914929138e+01
2.927922553174167675e+01
3.314745587535651339e+01
1.898246815075904337e+01
2.766847866736731021e+01
4.640057735038370623e+01
1.093052479730515003e+01
2.296098383826746314e+01
8.629828964074757636e+00
3.758119240602432143e+01
2.621488486942307716e+01
3.160192398793800805e+01
2.583847966440366051e+01
2.550595619977704231e+01
1.430597151709570269e+01
2.901148231187681148e+01
1.780130597944170034e+01
5.799588422059238724e+01
2.074487599585812347e+01
3.056101684000945440e+01
2.366560990296641975e+01
1.437388882943908897e+01
9.496686173315428192e+00
2.699006737737133221e+01
3.787666530113619956e+01
2.167075164108408103e+01
1.757049344926923240e+01
3.001278287578536563e+01
1.348251356286064606e+01
3.307334897023660858e+01
3.437234869713502405e+01
1.781698050629930208e+01
2.040706267635757953e+01
1.772118196448839811e+01
2.537803591407019965e+01
3.540354179993813233e+01
2.666564674451325700e+01
3.553007997551675601e+01
6.798028558969934743e+00
2.204024097832287055e+01
3.740748170911337667e+01
8.299229139294586943e+00
3.027050308057948058e+01
3.118926090571014598e+01
1.652721389276028319e+01
2.379662101731176804e+01
3.064903922216172205e+01
8.065536390958607527e+00
2.822229486804621246e+01
3.904020107566132225e+01
4.062193251714191433e+01
2.303076452219467285e+01
1.831819120940383527e+01
3.668519438584077363e+01
3.326648095376489067e+01
1.183680001563242712e+01
3.745768077596699186e+01
8.638402427971287878e+00
7.734210993796016176e+00
3.772484048494201403e+01
7.620485067383511613e+00
2.028988463216950677e+01
1.808590603660782392e+01
7.290552490910095607e+00
6.715002199071567368e+00
1.885549188891940631e+01
2.020710406263709658e+01
2.551001703716917390e+01
5.279280571224557406e+01
3.900301200510506305e+01
1.884116276618889430e+01
2.448324214354983397e+01
3.318943607285090280e+01
2.005738172008826936e+01
1.658446393408583575e+01
2.060769677193653493e+01
1.885415301373056707e+01
4.447100754856385407e+01
2.666568610336402045e+01
1.922619194212423466e+01
1.060201884556869167e+01
1.989217973280358365e+01
2.664444433216153740e+01
1.310452973182269254e+01
1.100810312136600544e+01
3.289624618624179675e+01
5.340103605202654258e+00
2.407599552769651652e+01
1.541692174677652361e+01
1.048447028181940510e+01
3.074470753651285193e+01
3.330937569004132826e+01
1.847828682487001473e+01
2.698185241362765296e+01
2.285401997025173415e+01
2.514377346702499949e+01
2.370582488114555275e+01
3.223031436572788522e+01
1.300453416181242972e+01
2.059624784804971043e+01
2.451961398416584359e+01
3.202325508080615890e+01
1.095847387029047937e+01
1.859518883967218628e+01
2.338648361066503512e+01
2.579960010116015923e+01
1.741351820418394070e+01
4.536597429918130331e+01
2.536150325108921777e+01
2.489277345047864642e+01
2.669285768682021498e+01
1.016919498745285999e+01
1.705204600590717234e+01
3.088077896039732195e+01
2.549082198598891225e+01
7.566227179280086368e+00
2.827799191415573787e+01
1.453146766808552037e+01
2.448605600975603025e+01
1.865067185948943518e+01
2.304458340611977007e+01
5.191067112348788015e+01
1.242138899747983061e+01
1.705738767026373992e+01
1.750301979334752289e+01
2.297813765674730391e+01
2.088500133840509676e+01
3.357822165303358730e+01
1.243064114014064181e+01
7.987521440628793812e+01
4.432849467053699755e+01
2.003256447177061972e+01
2.619813641820284289e+01
3.920265093802917988e+01
1.934512381891850907e+01
4.027600891340648559e+01
1.029594898267943748e+01
1.057502233568140149e+01
1.045647069225637082e+01
5.517890188071746138e+01
1.903943791379421668e+01
1.729057144874880336e+01
2.545816347806439595e+01
9.475692926577243824e+00
2.972831471345373444e+01
2.066765592142727570e+01
3.754289050040536324e+01
1.315185714552435492e+01
2.056794584635355960e+01
2.119699722740044834e+01
4.493482624827833227e+00
1.452774264669939974e+01
2.732532865378546205e+01
1.733283508110191562e+01
1.791814141155565210e+01
3.604035802125211063e+01
1.938820299613840348e+01
4.260491613962835800e+01
1.290060316476723123e+01
3.018260824330838332e+01
2.139100594776298436e+01
1.880955269241563244e+01
2.935143435303440640e+01
3.585350873945620975e+01
3.536011809227795766e+01
3.907218522792918236e+01
3.068559357188825132e+01
1.319365060921777832e+01
2.071509198329907164e+01
9.152213942993265405e+00
6.222604453594696494e+00
8.546190217820425872e+00
9.622402161730189363e+00
1.821907384929770402e+01
1.769399815898030326e+01
3.949493581482020943e+01
2.956503574383804533e+01
1.792815413839655037e+01
2.919212746403282566e+01
4.389563395730924356e+01
1.919749981143844053e+01
1.922266294681090670e+01
2.493950306577977472e+01
1.990982027999169901e+01
2.177289221928260687e+01
5.102622177259587666e+00
8.803255540009345737e+00
2.194840964905574765e+01
5.818277668845025374e+01
2.462042647288285480e+01
2.117091367150177206e+01
3.100910213765083512e+01
3.995729821822690297e+01
3.099452984889733997e+01
1.616922506048123154e+01
1.450911760523086613e+01
2.228524780817040352e+01
1.569032803999821901e+01
3.647489538054490055e+01
1.448333007971231545e+01
1.913893674279518109e+01
1.439832738751251640e+01
5.931403961422674342e+00
2.230573892726322782e+01
4.682104970981313841e+01
2.107003836812196695e+01
4.883466107313203253e+01
9.591455581896976668e+00
1.751192360091254585e+01
3.044372763275411486e+01
1.555881350601026725e+01
2.648422048183434541e+01
