-2.615873947883233519e-02 -4.211025690465053373e-02 5.012876647372542169e-03 -5.926233223639106040e-02 5.031269913970201277e-03 2.474716678404199552e-02 -5.329642241673231834e-02 -6.902197645087945754e-02 1.049312537476423945e-02 -1.034759611027205074e-02 -4.735500671562467220e-03 6.836579386655015043e-03 1.845699808016627039e-03 1.321637165388370389e-03 5.405282530714551267e-03
-4.187775563172498050e-02 -3.792343285421732879e-02 6.757062542855724226e-03 -6.936269111261930687e-02 -8.644041772331934395e-03 2.487038575496040502e-02 -6.808584425848571153e-02 1.355178474466607781e-03 2.514960951393330202e-02 -1.090541365169665940e-02 -4.143012026968847898e-03 1.029732015549152287e-02 3.516034925724071964e-03 -7.355207557495368337e-03 5.474783683686085603e-03
-1.894272793046861136e-02 -4.220320933553301651e-02 5.280838379898390895e-03 -5.986045270515095995e-02 3.661259137638004334e-03 1.867419805087252790e-02 -4.261551708783360704e-02 -5.158314412386877379e-02 2.463067221414465269e-02 -9.041657782773344226e-03 3.899356395070776096e-03 6.095557769404272644e-03 -7.089743040234791974e-03 -2.261866516202503882e-03 7.666488182106486957e-03
-4.105658963609030987e-02 -4.213550185072623827e-02 8.700093014457521007e-03 -6.904221622412969050e-02 -4.444756002815174536e-03 2.628787414892352556e-02 -5.493036592768773402e-02 -2.887025059497456275e-02 2.551513399830311613e-02 -2.569678812399192776e-03 -2.491279352250132598e-03 7.844168791811639146e-03 -5.714828482488759805e-03 -2.689467837898728772e-03 7.587564893478975468e-03
-3.967176250694307016e-02 -4.287463767008688198e-02 5.140102343009761779e-03 -6.642199509677983171e-02 -4.793339582113765804e-03 1.982433195194819447e-02 -5.680283286640798457e-02 -1.057683900894868662e-02 3.179423750419384936e-02 -1.041006606678245537e-02 4.011561293290048791e-03 1.324695827367713442e-02 -5.760858297405840184e-03 -5.505371725402775614e-04 1.130629041255146357e-02
-3.934025496139800793e-02 -4.218335377558146693e-02 5.227604273135225653e-03 -6.637092073725944785e-02 -3.192790816513693501e-03 1.993423713542228151e-02 -5.673695380626037066e-02 -2.790694502446931097e-02 2.472404452186161006e-02 -2.889748293671254992e-03 -6.018172359273096100e-03 6.678782249373251510e-03 -6.577721533710310237e-03 1.499212312972668815e-03 7.755602318308083346e-03
-4.105658963609030987e-02 -4.191296148620144574e-02 8.762234573795692205e-03 -6.914186068854176470e-02 -3.171465305195224609e-03 2.475938167747702631e-02 -5.491227021035290090e-02 -3.374173123282189768e-02 2.464101340638581022e-02 -2.910109253953897107e-03 -6.018172359273096100e-03 8.220703246066675060e-03 -2.106372707431540883e-03 1.499212312972668815e-03 5.315965686812736644e-03
-3.892592763191464467e-02 -3.499117101415635811e-02 5.154362577413242226e-03 -6.906510995159033384e-02 4.614963410206509090e-03 1.982628798387379293e-02 -5.680283286640798457e-02 -1.049843873569451108e-02 2.356153514848557951e-02 -2.420990362610809903e-03 3.482354207398998588e-03 1.316222898592176241e-02 -7.104968874264351586e-03 1.393728402849259704e-03 1.136419814185426168e-02
-4.324853309761376302e-02 -4.253514985386187830e-02 5.096328305571336259e-03 -8.132728959634059895e-02 -1.276916345137849712e-02 1.338157996000357598e-02 -6.446536705253583244e-02 9.656025457537041612e-03 2.596999588985993493e-02 -4.506223956351187651e-03 -6.322035434542709262e-03 1.022244273621235842e-02 -3.091765780256105177e-03 1.451498139722088351e-03 1.308106504234630985e-02
-4.105658963609030987e-02 -4.213550185072623827e-02 8.703892132658029926e-03 -6.904221622412969050e-02 -4.444756002815174536e-03 2.632861791123243186e-02 -5.493036592768773402e-02 -2.886747258677870367e-02 2.551513399830311613e-02 -2.569678812399192776e-03 -2.229303686135710935e-03 7.859851755472057472e-03 -5.718369437043268819e-03 1.647963618680808959e-03 7.587564893478975468e-03
-3.990911049090634793e-02 -3.352415928695311187e-02 5.104177937809105219e-03 -5.935782506106938167e-02 -1.271747280920389710e-02 2.636130259298342937e-02 -6.414754832281217845e-02 9.706255712695222720e-03 2.538607950718647921e-02 -2.528049549876542831e-03 -4.046393727566412191e-03 7.065022792055149561e-03 -5.860335772583560865e-03 1.384769429939572763e-03 5.217434873897286093e-03
-3.999958029682703503e-02 -4.240884874434847074e-02 5.297023531876846915e-03 -5.636675970553877563e-02 -9.991578045587975326e-03 3.869863078422597358e-02 -6.436637230065829496e-02 9.773968842267041768e-03 3.261757373493073126e-02 -4.347639458316695724e-03 -6.181610336969797261e-03 8.048054494115667451e-03 -1.053841607326004570e-02 7.805144944909076302e-03 8.650604283389000740e-03
-4.333700618847700914e-02 -4.295624830946889045e-02 8.785164842206878710e-03 -6.902215741945399996e-02 -1.098407450631426821e-02 2.438831899791689406e-02 -6.676813557265427745e-02 1.608559771156520962e-02 2.606373776193895639e-02 -4.592188240397372667e-03 -4.142221268107298265e-03 1.001747197728693542e-02 3.574302264495428285e-03 8.739617945537247329e-03 7.479434586787231734e-03
-1.894272793046861136e-02 -3.069754205554103138e-02 6.816609662293453102e-03 -5.958659127136063660e-02 5.032426401389404787e-03 2.198096840751661077e-02 -4.386690723039733675e-02 -5.117712103535535656e-02 2.440685288426542102e-02 -5.115886737130533740e-03 -5.720538360446757349e-03 5.647673544953489208e-03 -7.486189217649348929e-03 -2.298520988933267818e-03 7.608931052380541078e-03
-3.934025496139800793e-02 -4.218335377558146693e-02 5.227604273135225653e-03 -6.637092073725944785e-02 -3.192790816513693501e-03 2.198293122756431184e-02 -5.719806613011393925e-02 -2.790694502446931097e-02 2.550417758950869820e-02 -3.095660795534317319e-03 -6.043316584238955791e-03 7.951386989621807636e-03 -5.668309974394405287e-03 1.566336201442271921e-03 7.858567164671405314e-03
-4.126470589655731325e-02 -4.210999493836710406e-02 8.700093014457521007e-03 -6.904221622412969050e-02 -4.804870115306566526e-03 2.632326631128783026e-02 -5.501871898609617118e-02 -2.694927268233003256e-02 2.515404735275304782e-02 -2.569678812399192776e-03 -2.491279352250132598e-03 6.758921479462842892e-03 1.566197112673749095e-03 -2.656041884547683408e-03 5.330884935826683650e-03
-5.573976519614218250e-02 -3.459221851856343621e-02 6.617662828952771727e-03 -6.882559528777781876e-02 5.135469459681817062e-03 2.453269599313304475e-02 -5.680283286640798457e-02 2.044275865382340351e-03 2.356153514848557951e-02 -2.530873572840234773e-03 3.417973558440185952e-03 1.324695827367713442e-02 -6.977906337743935115e-03 7.866412534009411053e-03 1.136419814185426168e-02
-1.894272793046861136e-02 -3.061553454287905748e-02 9.002874127540014260e-03 -5.952176939832504871e-02 5.032426401389404787e-03 2.426799738275221829e-02 -4.386690723039733675e-02 -5.117712103535535656e-02 2.217204059885500775e-02 -5.059017646034139233e-03 -5.694655950835513479e-03 1.127259898763998888e-02 -2.193848171892907005e-03 -8.569476071088155678e-03 7.665825404761552643e-03
-3.974961027834639921e-02 -4.310624078421910338e-02 8.580058046800381061e-03 -6.925211186983466771e-02 -3.067088427620237763e-03 2.469524628972330146e-02 -6.436651575418494975e-02 1.417950121783591484e-02 3.159133596403091576e-02 -1.171605258499161528e-02 -6.465634725229659797e-03 8.592680359983423388e-03 -2.113130161274037050e-03 -5.397348577332859200e-04 7.521963552895213553e-03
-4.186522709546867949e-02 -4.293540185369804085e-02 5.426362716550529527e-03 -6.911287770689661381e-02 -1.814612865383870982e-02 2.408768352585067413e-02 -6.821137827106657503e-02 1.093729703576581079e-02 2.602517880017070004e-02 -4.443720621669443316e-03 -4.153891366368951503e-03 1.010898397426934249e-02 -3.158009021971562840e-03 8.579259827987332880e-04 8.801407631259017955e-03
-5.569969799299079316e-02 -3.447782337389704993e-02 5.108250884599196788e-03 -6.835207517410910039e-02 5.358276631281305366e-03 2.611540733830844049e-02 -5.720923993400849755e-02 -2.268719281653561876e-02 2.552149157177350386e-02 -2.420990362610809903e-03 1.079649610546024128e-03 1.376170286974416276e-02 -7.663581367297351427e-03 -2.653141898827176669e-03 7.575042713887724689e-03
-3.974961027834639921e-02 -4.310624078421910338e-02 8.580058046800381061e-03 -6.925211186983466771e-02 -1.758217980696407529e-02 2.469524628972330146e-02 -6.436651575418494975e-02 1.417950121783591484e-02 3.159133596403091576e-02 -1.171605258499161528e-02 -6.465634725229659797e-03 8.592680359983423388e-03 -2.113130161274037050e-03 -5.397348577332859200e-04 1.265660414247348278e-02
-4.182999971968669184e-02 -4.340472383539382278e-02 7.393045877806462066e-03 -6.911287770689661381e-02 -1.108075998885129677e-02 2.438831899791689406e-02 -6.826687359280786405e-02 1.608999798482692312e-02 2.610851375119487353e-02 -4.443720621669443316e-03 -4.143012026968847898e-03 7.347235315569093130e-03 -2.267757959800237137e-03 7.393178868248193210e-03 5.878819238475625070e-03
-4.105658963609030987e-02 -4.213516821107152199e-02 8.613299284582917603e-03 -6.904221622412969050e-02 -4.444756002815174536e-03 2.628787414892352556e-02 -5.493036592768773402e-02 -2.839984720574164484e-02 2.551513399830311613e-02 -2.569678812399192776e-03 -2.282156444320981945e-03 7.844168791811639146e-03 -5.714828482488759805e-03 -4.550621290097726576e-03 7.587564893478975468e-03
-2.615873947883233519e-02 -4.193530250776771051e-02 5.012876647372542169e-03 -5.928439467686577591e-02 4.955092408895306853e-03 2.474716678404199552e-02 -5.321618312282837965e-02 -6.910984279336707115e-02 1.056690394597305759e-02 -1.034759611027205074e-02 -4.735500671562467220e-03 6.836579386655015043e-03 1.845699808016627039e-03 1.185248643738224909e-03 5.192176227928587198e-03
-4.186522709546867949e-02 -3.792165505889238258e-02 7.393045877806462066e-03 -6.911287770689661381e-02 -1.108075998885129677e-02 2.438831899791689406e-02 -6.422126997881019705e-02 1.989245878942218215e-02 3.159509609073290343e-02 -4.443720621669443316e-03 -4.143012026968847898e-03 7.312478825639084738e-03 2.954035032046412219e-03 7.795812102248401640e-03 7.596465445405123536e-03
-1.894272793046861136e-02 -4.233736252074885020e-02 5.190874006870484919e-03 -6.546966535778774021e-02 6.234471949026526745e-03 1.843592087000954158e-02 -4.358056465569568050e-02 -5.426141974653739264e-02 2.217204059885500775e-02 -1.179913433493060340e-02 -1.422427996675148035e-02 6.153192437269571283e-03 -5.681198796828845245e-03 -5.197251784822360049e-04 7.672467080166731415e-03
-1.894272793046861136e-02 -3.069754205554103138e-02 5.189203357563287877e-03 -5.952176939832504871e-02 5.032426401389404787e-03 2.038138033542030367e-02 -4.386690723039733675e-02 -5.117712103535535656e-02 2.217204059885500775e-02 -4.175807695195924395e-03 -5.694655950835513479e-03 5.647673544953489208e-03 -2.193617342440431616e-03 -2.261866516202503882e-03 7.665825404761552643e-03
-4.186522709546867949e-02 -3.792165505889238258e-02 7.393045877806462066e-03 -6.911287770689661381e-02 -1.108075998885129677e-02 2.259906414966761368e-02 -6.382915294199618950e-02 1.989245878942218215e-02 3.135741135849174493e-02 -2.942269372988472100e-03 -4.143012026968847898e-03 1.352527061035134655e-02 3.107390990123411884e-03 7.795812102248401640e-03 7.596465445405123536e-03
-4.186522709546867949e-02 -3.792165505889238258e-02 7.649083676792258618e-03 -6.825880711689598368e-02 -1.137082514619403191e-02 2.438831899791689406e-02 -6.422126997881019705e-02 1.989245878942218215e-02 3.006719574644840104e-02 -4.449326354027258873e-03 -4.106132086082382726e-03 5.808334949378764905e-03 2.954035032046412219e-03 7.795812102248401640e-03 7.595861735334381686e-03
-3.980847919974410398e-02 -4.306434720494171225e-02 8.693073705157653569e-03 -6.963148198875342143e-02 -3.932326156363231268e-03 2.637709716541266833e-02 -6.428437593387387183e-02 1.666017807249086519e-02 3.169547400465728970e-02 -1.090541365169665940e-02 -4.340376750898371216e-03 1.026396749694900162e-02 3.148774155356648570e-03 8.859985993100984170e-03 7.715372858277646725e-03
-4.181698929392290570e-02 -3.793938324442918536e-02 7.477347011432844762e-03 -6.645518185311569126e-02 -8.865733823358271093e-03 2.200401946857307584e-02 -6.461850728595179560e-02 4.198149172727404406e-03 3.082918060108498157e-02 -3.883408835806738575e-03 -4.016922098938079111e-03 8.924950073845539997e-03 3.869722671280571846e-03 7.438946036395609716e-03 6.417121608640694724e-03
-3.920351562640815579e-02 -4.310624078421910338e-02 8.652623744522485241e-03 -6.907845838192455679e-02 -3.067088427620237763e-03 2.447738336695621728e-02 -5.683917569921938251e-02 1.417950121783591484e-02 3.190788942051431265e-02 -2.708794538866476226e-03 4.077595083102144788e-03 1.303010273127347060e-02 -2.155482180207040060e-03 -5.397348577332859200e-04 7.521963552895213553e-03
-4.422781011361390235e-02 -4.457253164079907209e-02 5.282322177393559796e-03 -6.622913390959286883e-02 5.017174194214294933e-03 1.867419805087252790e-02 -4.259904651069956749e-02 -5.143120847769377946e-02 2.217204059885500775e-02 -9.068901117702417997e-03 3.870580605892889013e-03 6.081959737351898786e-03 -5.681198796828845245e-03 -3.776516083982049340e-03 6.177921166011857319e-03
-5.569969799299079316e-02 -3.447782337389704993e-02 5.108250884599196788e-03 -6.835207517410910039e-02 5.358276631281305366e-03 2.611814568721330249e-02 -5.720923993400849755e-02 -1.612312134351689269e-02 2.552149157177350386e-02 -2.420990362610809903e-03 9.266994672182805697e-04 1.376170286974416276e-02 -7.663581367297351427e-03 1.335822577688628235e-03 7.358802498998771348e-03
-3.999958029682703503e-02 -4.214785259568566006e-02 8.664110660262371727e-03 -5.598592320092413838e-02 -1.234929372164358073e-02 3.983966944028980578e-02 -6.436637230065829496e-02 9.648990437959784408e-03 3.229348317941986568e-02 -2.510886061208942362e-03 -6.181610336969797261e-03 8.056709814721044541e-03 -1.053841607326004570e-02 7.805144944909076302e-03 8.714247153683334773e-03
-3.988390513372518792e-02 -3.798997377096772349e-02 5.254881976009151412e-03 -6.642199509677983171e-02 -4.793339582113765804e-03 1.982433195194819447e-02 -5.702060196779870638e-02 5.450735204830992400e-03 3.179423750419384936e-02 -3.678888756791994907e-03 4.011561293290048791e-03 1.342431180197892031e-02 -5.760858297405840184e-03 -5.505371725402775614e-04 1.130629041255146357e-02
-4.118298632155661942e-02 -3.796551738140478693e-02 8.658560212597046779e-03 -6.882726397406567498e-02 -8.804008545439088312e-03 2.610838084009104235e-02 -5.518997011457880963e-02 3.297681930033208655e-03 3.084345732808261090e-02 -2.711037003164550561e-03 -2.258231062636874287e-03 6.420715393974091648e-03 -2.159047744114902818e-03 -2.952943575447480439e-03 6.219326439442243726e-03
-3.985830050176334544e-02 -3.792165505889238258e-02 7.393045877806462066e-03 -6.911287770689661381e-02 -1.108075998885129677e-02 2.438831899791689406e-02 -6.318532013215959198e-02 1.989245878942218215e-02 3.159509609073290343e-02 -4.443720621669443316e-03 -4.111743813447838770e-03 5.438009502753084548e-03 2.968734401674527623e-03 7.546049430528891169e-03 7.744480823192160038e-03
-5.569969799299079316e-02 -3.447782337389704993e-02 5.108574759965274145e-03 -6.843782849839537274e-02 -2.015781509857953076e-03 2.611814568721330249e-02 -5.720914710779140266e-02 -1.612312134351689269e-02 2.550347067286478503e-02 -3.090861690556401427e-03 9.266994672182805697e-04 7.736266425067918687e-03 -7.663581367297351427e-03 1.335822577688628235e-03 7.358802498998771348e-03
-4.118298632155661942e-02 -3.796551738140478693e-02 7.334350273894408787e-03 -6.882726397406567498e-02 -8.804008545439088312e-03 2.592380059544139442e-02 -5.518865461069684397e-02 3.297681930033208655e-03 3.084345732808261090e-02 -2.711037003164550561e-03 -6.067369374719448587e-03 6.420715393974091648e-03 -5.194784561089337352e-03 -2.896833022969244262e-03 5.959457645605919021e-03
-2.615873947883233519e-02 -4.193530250776771051e-02 5.021992046259327394e-03 -5.741607705446715587e-02 4.955092408895306853e-03 2.474716678404199552e-02 -5.321618312282837965e-02 -6.910984279336707115e-02 1.108655095468140048e-02 -2.470829743301272002e-03 -4.735500671562467220e-03 6.836579386655015043e-03 1.693643530970977140e-03 1.191353992846523125e-03 5.972777577905209224e-03
-3.154538024698608223e-02 -3.761932685192081322e-02 6.792715039108881449e-03 -6.653369267778613816e-02 -1.375112532468544466e-02 2.404764893565545028e-02 -6.420040958773501338e-02 1.035618260674703306e-02 2.599718258887396757e-02 -4.439593239142973144e-03 -4.228760866030491922e-03 1.010476602228917338e-02 -3.682255297758789143e-03 -2.382625286464906678e-03 8.814163308117939008e-03
-4.164237845193710652e-02 -3.792165505889238258e-02 7.393045877806462066e-03 -6.911287770689661381e-02 -3.859603922324833340e-03 2.284887426926684312e-02 -6.422126997881019705e-02 -5.170288603380146508e-03 2.560078235555748177e-02 -1.077391674824924525e-02 -4.143012026968847898e-03 5.022656882733006825e-03 -7.064171751558549935e-03 1.392471486778418081e-03 7.592340840869093478e-03
-4.826062041516982620e-02 -3.447782337389704993e-02 6.164586779930430679e-03 -6.625689732360012796e-02 5.358276631281305366e-03 2.621573051243567681e-02 -5.720923993400849755e-02 -1.604948330735232048e-02 2.553551501555100661e-02 -2.420990362610809903e-03 1.079649610546024128e-03 1.452358721806015773e-02 -5.774893805002992778e-03 -2.653141898827176669e-03 7.575042713887724689e-03
-4.019488873241242738e-02 -3.072575568390389922e-02 8.600843369716851261e-03 -6.835207517410910039e-02 4.597309423744413634e-03 2.209556836710041550e-02 -5.508774649198314860e-02 -2.224684158800315295e-02 2.545795623313455019e-02 -2.444444051170251674e-03 1.079649610546024128e-03 1.016790761620098467e-02 -5.652746940663404100e-03 -2.313556166537255807e-03 5.501161546688434177e-03
-4.186522709546867949e-02 -3.792165505889238258e-02 7.393045877806462066e-03 -6.911287770689661381e-02 -1.108075998885129677e-02 2.438831899791689406e-02 -6.422126997881019705e-02 1.989245878942218215e-02 2.996648113840306993e-02 -4.443720621669443316e-03 -4.143012026968847898e-03 7.312478825639084738e-03 2.954035032046412219e-03 7.795812102248401640e-03 7.596465445405123536e-03
-5.666825241049307238e-02 -3.512607386706224910e-02 5.108574759965274145e-03 -6.836411450676693757e-02 -2.015781509857953076e-03 2.611814568721330249e-02 -5.720914710779140266e-02 -8.108761031035449304e-03 2.550347067286478503e-02 -3.124067939048875888e-03 -3.027720090126586987e-03 7.736266425067918687e-03 -7.593327780901085525e-03 1.335822577688628235e-03 5.913355241655954275e-03
-3.966340030963438901e-02 -3.329619179238464677e-02 8.693073705157653569e-03 -6.963148198875342143e-02 -3.932326156363231268e-03 2.643066178153001544e-02 -6.428437593387387183e-02 1.725818953617223178e-02 2.565218547310757144e-02 1.009788489936726263e-02 -4.397496365465372245e-03 1.009538054979489986e-02 2.590878356325326901e-03 8.177829645482767237e-03 5.367737481056101233e-03
-4.164237845193710652e-02 -3.792165505889238258e-02 7.468062798949134419e-03 -6.889786936114002114e-02 -3.859603922324833340e-03 2.453090229747709183e-02 -6.418597127779276934e-02 4.148572040037706334e-03 2.500589303904066085e-02 -1.077391674824924525e-02 -4.143012026968847898e-03 5.022656882733006825e-03 -7.064171751558549935e-03 3.984689207282264296e-04 7.632174681630850971e-03
-4.826062041516982620e-02 -3.330017893983551469e-02 6.164586779930430679e-03 -6.620461779232215960e-02 5.378768017565442074e-03 2.621573051243567681e-02 -5.720923993400849755e-02 -2.197985078846488236e-02 2.516246777593235742e-02 -2.420990362610809903e-03 -5.307883901553584610e-03 1.452358721806015773e-02 -5.678834379667060603e-03 -2.653141898827176669e-03 7.575042713887724689e-03
-1.894272793046861136e-02 -3.069754205554103138e-02 5.174914309487682954e-03 -5.929030111254338792e-02 5.032426401389404787e-03 2.038138033542030367e-02 -4.386690723039733675e-02 -5.117712103535535656e-02 2.236794044301096060e-02 -4.301730152394558915e-03 -5.694655950835513479e-03 6.747427653187539065e-03 -2.193617342440431616e-03 -2.261866516202503882e-03 7.698177752625871839e-03
-4.083932715635688049e-02 -4.191296148620144574e-02 8.762234573795692205e-03 -6.914186068854176470e-02 -3.171465305195224609e-03 2.475938167747702631e-02 -5.491227021035290090e-02 -8.580523261264428117e-03 2.463330460680835179e-02 -3.124420157668906725e-03 -3.017481914785249096e-03 8.220703246066675060e-03 -2.109680822454855584e-03 1.495918102140433425e-03 5.907260560837355838e-03
-1.871521752587789952e-02 -3.073633858414710068e-02 8.975318103535799216e-03 -5.740094212580264948e-02 5.029996855056729534e-03 2.473493836661700557e-02 -4.386690723039733675e-02 -5.117712103535535656e-02 2.131376524889778273e-02 -5.059017646034139233e-03 -4.748588491860317000e-03 1.127259898763998888e-02 -2.193848171892907005e-03 1.027213395496446267e-03 7.665825404761552643e-03
-4.182649335749936970e-02 -4.236911990800767969e-02 5.073285346363301182e-03 -6.886697235983614551e-02 -1.122671941610818569e-02 2.229095598439521930e-02 -6.422126997881019705e-02 2.336259403270712215e-03 3.171137079847977103e-02 -4.411788604613660174e-03 -2.133534165607267781e-03 7.312478825639084738e-03 2.954035032046412219e-03 7.795812102248401640e-03 7.585132273285504975e-03
-4.131451586336203075e-02 -3.338097908275006881e-02 8.804215225002746253e-03 -6.830984281550517290e-02 5.306662983749589786e-03 2.630892254293746430e-02 -5.492994774492109683e-02 -2.201598283389379768e-02 2.533527086043137200e-02 -2.550130951203196782e-03 1.005944374413030246e-03 1.314192265472888602e-02 -5.714828482488759805e-03 -2.689467837898728772e-03 7.500090972970335432e-03
-3.980847919974410398e-02 -3.790906377045345776e-02 8.554303451080332021e-03 -6.984323977173810538e-02 -6.398673246520275235e-03 2.637709716541266833e-02 -6.406327935236422189e-02 1.666017807249086519e-02 3.169547400465728970e-02 -1.090541365169665940e-02 -4.340376750898371216e-03 1.170838725509310702e-02 3.148774155356648570e-03 8.859985993100984170e-03 7.769663520821814065e-03
