1.028471131348399764e-01
6.802770498649987063e-01
1.211254247199135825e-01
2.208982096626735947e-01
5.200408088630591452e-01
3.245398300951488624e-01
1.728948831877316628e-01
5.163578467896832169e-01
7.241563972875298960e-01
2.211353846766827280e-01
7.684234257055392314e-01
8.293136780868592961e-01
7.730891455161000847e-01
1.250953612673757487e-01
3.198127477835711052e-01
2.428397751771425583e-01
5.029023692550929070e-01
1.423868732505474133e-01
8.449017280044689437e-01
8.145435085952387189e-01
3.425554206077914277e-01
8.312635817012903328e-01
8.300028854520641319e-01
2.281010442937864424e-01
1.010624558278846730e-01
9.504027949090060323e-01
1.070844095087492703e-01
1.583342980367875852e-01
9.425565871434311571e-01
9.142146363030019263e-01
8.677721111194437453e-01
7.274525016443301739e-01
6.906432320850472983e-01
1.271788937387457741e-01
3.904490989360834274e-01
7.736512160286086459e-01
6.816228793415425313e-01
5.563054336672557110e-01
9.315251826133427171e-01
3.874879002414779450e-01
5.866330498665078830e-01
7.457273217725567116e-02
7.691465986525104492e-01
5.399124911449705300e-01
3.990561631086533834e-01
3.588379181704772214e-01
9.139138866781706394e-01
4.426823702532863281e-01
8.136440217590691359e-01
6.210802436155986594e-01
3.562690836636182024e-01
1.549355264422930256e-01
4.414651129317803124e-01
1.592377410071264265e-01
7.152971328321913180e-01
3.451141655193493141e-01
8.948770552285885138e-01
