9.453187740336352896e-01
4.737696588367359268e-02
4.970653873446891774e-02
5.000626441819282231e-02
4.796118188897545431e-02
4.796479041029116930e-02
9.255141934303445783e-01
5.915377881963394813e-02
8.434676399306363648e-02
9.358091340611145448e-01
6.750373301648179281e-01
3.980032796458757849e-01
3.726678592504310550e-01
6.695976557563421139e-01
8.218050965127098317e-01
8.589609413697275597e-01
9.358094377956833743e-01
5.583606569939413289e-01
3.867204868360774594e-01
6.509467414723774104e-01
8.997460779669952391e-01
6.200954337598749144e-02
1.257844487345121665e-01
9.227583169534485652e-01
2.349098784260287009e-01
6.963548092924912725e-01
8.173984995428241751e-01
7.022689298714721584e-01
6.479328063214954136e-01
9.041838328774398637e-01
3.211440424037021457e-01
2.648009295926044837e-01
1.772269270532600138e-01
1.288428515485548209e-01
6.959903649224093158e-02
4.916266438613668410e-01
6.059345577343654421e-01
6.988708788921051962e-01
9.165032901889523798e-01
5.926339492162934208e-01
6.929006762121379115e-01
3.524510153966944892e-01
3.762811072149487845e-01
8.158868022099814710e-02
1.734802813136074318e-01
5.759136230231114428e-01
8.890206344199195199e-01
8.254198129331744571e-01
4.411456121007590325e-01
3.411149844287772459e-01
8.046227667423164198e-02
8.050031162654081029e-01
9.855719465750684138e-02
2.616364880159335327e-01
2.074215947023131390e-01
3.236205483650515524e-01
8.839655456045049098e-01
2.106867473307238448e-01
7.516972856287228444e-01
4.005363517525904471e-01
5.033561544368622687e-02
4.737570869610012170e-01
3.904290545750939145e-01
5.457237525235414388e-01
8.016396375116051631e-01
6.652226118130531995e-01
8.544343132608042124e-01
7.153663513124880469e-02
6.082515375830260806e-01
8.350890527562008225e-01
3.540063412899552842e-01
1.461676784072645785e-01
6.412077365834264464e-01
7.485543387710962282e-01
4.042504400504583484e-01
4.070960347037194116e-01
2.220519434709087025e-01
1.504715032426377497e-01
1.647377655663667950e-01
7.543692545138203087e-01
1.105418681498239186e-01
1.418361953361430561e-01
5.959656426810384655e-01
6.624591110972709584e-01
5.322625469925335029e-01
3.490757149490348876e-01
1.092456265193834236e-01
5.112493428623399172e-01
4.520114885955830997e-01
4.467962201258595667e-01
3.064591628094341935e-01
1.575469534510473280e-01
3.307923991130054531e-01
5.618906037355120286e-01
8.495445694495249445e-01
5.171849806416599638e-01
1.315189820953362176e-01
7.121537370834560843e-01
1.624110231379425617e-01
5.299955855381403014e-01
5.645690267615464109e-01
6.684089139860843742e-02
6.329152377875114643e-01
8.913865703604362256e-01
6.026893012054953536e-01
1.391362735934308092e-01
2.962613753416255546e-01
6.875539382315669634e-01
7.154815748790832597e-01
4.579877065661852598e-01
1.012185813352771135e-01
4.835102972061786769e-02
6.009472481858926241e-01
8.703295639986676768e-01
7.465038940439342463e-01
5.083597872038115861e-01
9.165424331926423640e-02
3.037225842997545167e-01
5.431862955597989151e-01
3.913632989449812860e-01
3.385926189589428259e-01
2.504421980801065373e-01
3.666762258821735232e-01
2.379826118098254395e-01
3.123086810646731881e-01
1.591194506652544027e-01
2.421911998717191095e-01
1.544266593822957168e-01
7.312259706502430845e-01
9.120090031649272788e-01
4.711224483348432912e-01
7.783857500640888050e-02
3.183538206216263711e-01
5.066244656476854846e-01
8.676262385518663800e-01
6.675850550203268341e-01
6.382050703062216446e-01
2.277410529364677361e-01
6.212641176216270322e-01
7.319706874636701388e-02
2.604466511591184696e-01
5.322244336930189584e-02
6.608623561491701048e-01
5.286594035987258744e-01
3.285050286661835295e-01
3.328011162215004926e-01
6.102830550160335266e-01
5.102912841862872889e-02
1.156746271844637935e-01
6.461130773779508729e-01
1.226299115900114090e-01
6.766604705834877720e-01
7.259046703687235258e-01
1.294371755606821550e-01
6.236230824878806756e-01
7.755823296655031118e-01
2.400593136094121560e-01
2.668698213710448686e-01
8.629623598908319204e-01
1.335309630613497611e-01
3.812495725183601691e-01
4.617828216241249839e-01
7.232600478576958203e-01
1.821890055102279027e-01
7.993207820483547721e-01
5.671444059442392049e-01
8.525577347579516019e-01
5.408998430582525607e-01
5.043044093029206421e-01
4.273017123398544226e-01
5.905993927724513259e-01
5.210824580854241939e-01
5.315493186123614738e-02
5.639512842928098152e-02
1.168097349250015182e-01
5.533483943050256093e-02
4.491510657837197718e-01
2.784715950442842036e-01
3.374111924925058958e-01
4.904699597910319175e-01
3.094790473195211944e-01
8.769296661001310111e-01
4.597270461112652473e-01
4.155463715249625434e-01
7.662297496971505195e-01
4.818378316867755751e-01
3.021666609139622151e-01
7.719146691661784576e-01
7.507916287549092071e-02
5.012279343561728551e-01
6.352150627840215114e-01
4.236160732839919785e-01
5.347147395071502052e-01
2.562010835403381592e-01
2.459280000714022529e-01
2.866247277556844275e-01
2.547188635264096002e-01
3.467696949741607138e-01
5.985682818690137852e-01
5.431395316722353872e-02
2.894199632865312455e-01
7.869093808284338687e-01
1.350494974295270434e-01
4.337564359645186274e-01
2.692775396495457607e-01
6.542890137134683703e-01
7.330939159638393265e-01
5.133761444612329194e-01
3.659001909708289313e-01
7.841354548905170585e-01
4.990528988874364247e-01
3.946980828922449502e-01
1.701605001281710772e-01
8.075091620131927828e-01
3.694220949577330382e-01
7.606669046226509634e-01
5.247683151419011427e-01
4.879634303523177619e-01
4.190013705651640108e-01
3.590802805345372217e-01
1.525047261687089151e-01
2.441064875456698258e-01
2.976670440076618629e-01
2.209519287771858076e-01
6.309010190672104113e-01
5.695111683890915488e-01
1.787651986175140817e-01
4.940827341292120672e-02
1.723372678111687317e-01
4.953309734384067631e-01
6.124045113775952176e-01
5.805810597464964445e-02
3.702809202309096381e-01
4.764746906508449814e-02
1.197304270027977902e-01
1.804060758409542775e-01
9.713453214033111738e-02
5.557082977135371360e-01
5.363111602717706150e-01
4.803217784601062496e-02
3.260611165861240224e-01
6.816298272382815826e-01
5.261390413837639946e-01
6.342447299473528977e-02
5.483764516822260404e-01
4.652120416450787332e-01
1.629105136873864601e-01
5.788165784789804924e-01
7.353947926732978813e-01
6.896048458900757572e-01
2.873762569672956846e-01
1.189180522949075530e-01
8.796067392953296205e-01
7.434162319932789975e-01
7.639221210317413968e-01
5.723065748627186311e-01
3.435593435284816644e-01
4.563617234854214222e-01
4.306430677517879002e-01
1.378281739223899405e-01
3.836175755986269142e-01
2.916297630987694234e-01
5.034082387453798768e-01
6.785347615889262274e-01
2.709486697357884610e-01
8.457747218477431606e-01
2.934599614572254711e-01
7.571460335242696793e-01
3.273778351007414766e-01
8.896234670479584439e-02
6.197856099309460021e-01
2.253891020800473932e-01
4.275787312523794959e-01
8.641602214628772982e-01
3.946966475308202327e-01
2.760164646590820281e-01
3.443893592346173871e-01
1.690624688420458155e-01
8.696284366120041187e-02
4.787209520313415179e-01
5.231857955838564722e-01
7.173292506256280232e-01
2.525136020478385701e-01
1.431872350161254026e-01
1.921853058398494130e-01
7.814073297629353654e-01
2.044884256716650306e-01
3.636088024150545550e-01
8.734173135287587320e-01
7.283983979029291511e-01
4.213764086398769648e-01
2.254561639938156004e-01
7.210400255699586092e-01
3.003653767459547042e-01
1.845571234231577207e-01
7.738070819349986973e-01
4.753342820094804549e-02
2.294256376110033468e-01
3.850044216207086922e-01
1.443130463003854946e-01
3.131442125174295210e-01
5.885430544837947364e-01
8.323264867512711884e-01
3.567344867310948686e-01
7.693536377105828494e-01
4.327070633511534425e-01
7.578190305370944291e-01
8.815763439440382765e-01
5.000639030955036923e-02
8.422590730777056445e-01
1.968473398605350977e-01
3.602634886513811918e-01
6.807182922791032986e-01
5.774650432559074176e-01
5.382203776028640085e-01
2.026832133965872085e-01
2.054716726047873532e-01
4.203908102031274630e-01
2.322398362679545802e-01
9.143940899065788885e-01
7.899105137605028082e-01
1.980356066895613276e-01
4.759726389731592788e-01
8.952749322846900171e-01
2.817497915805703412e-01
2.304785248323222846e-01
1.233736720908772261e-01
2.838387314180912391e-01
1.891459142369150970e-01
3.777367235262437117e-01
3.622580905086856262e-01
6.572154049331901948e-01
1.670839407493752704e-01
4.087362382726182353e-01
2.811765639181653120e-01
4.974917394736993459e-01
8.466783232405779014e-01
6.285309965307951385e-01
2.174649582710381224e-01
1.870746824722785695e-01
2.119537074955306355e-01
8.414678791854022233e-01
5.129095969938918947e-02
7.572847521946589333e-02
3.171863357017075669e-01
7.882859393018432081e-01
6.547687416027965224e-01
9.728286190547590084e-02
7.689254809016519143e-01
4.677231064333390864e-01
1.034666995526153932e-01
4.860898192036233190e-01
8.143545260424451815e-01
1.367849727472338905e-01
6.580972730759389044e-01
8.113186341957038250e-01
2.994133504791930966e-01
4.841376952266857048e-01
3.350335839624823397e-01
1.996676790445804928e-01
7.623063007777289846e-01
2.837863114686154375e-01
2.771397011406311894e-01
5.165168303630419677e-01
4.438535966839165514e-01
5.525264364855584365e-01
6.841032557338103670e-01
1.954711174566101939e-01
1.870016079395585007e-01
6.772354280978341856e-02
6.154497520160551183e-01
4.694551598417670002e-01
4.858624739667019021e-01
4.900218244970221820e-02
7.966269065954115769e-01
6.908636646765411449e-01
2.157746958412759264e-01
1.052670830814215058e-01
3.152070977132401808e-01
4.385776582263861689e-01
6.141648776112627051e-01
6.439163417995388272e-01
1.932600657393158949e-01
7.742378664440566216e-02
5.630620611606784731e-01
2.150413676126708140e-01
2.475541301219393586e-01
8.383403676107916702e-01
8.951017249477016824e-01
2.522204744787031050e-01
4.485598747388455099e-01
9.081196775218569606e-01
4.766878026082254083e-01
5.392268414002494570e-01
6.370775456232347089e-01
1.481440867340594880e-01
2.579343373705091924e-01
7.953976708839042287e-01
1.849837602242946355e-01
1.129967158545087252e-01
1.482109555302082160e-01
4.846068434045054663e-02
7.379638825729420981e-01
3.568691973359170988e-01
5.723065187994588188e-01
4.098427626625625320e-01
7.198411362546496273e-01
4.385747508850150189e-01
4.111041078085715395e-01
4.361683006596358547e-01
2.925718316431686339e-01
2.717250672688923951e-01
7.279861363472306390e-01
6.847847659606616233e-01
7.097845274028891094e-01
4.437176080746099704e-01
8.139876360717559489e-01
4.739005808511230489e-02
1.675072895200015455e-01
9.081196852193393898e-01
5.756548239782098564e-02
4.535239815893850612e-01
5.815082202743200313e-01
4.879374463835801923e-02
3.156892592382906093e-01
7.425818225833553665e-01
1.129966088562619209e-01
7.186918506793155137e-01
8.743858210199451086e-01
7.928308755421448195e-01
4.361682880202669699e-01
8.283361885160627214e-01
1.068884468430779944e-01
3.799886574498475555e-01
5.834849453698310873e-01
6.261387106100985145e-01
4.751716607775337969e-02
7.074693740383181106e-01
3.484447671207976938e-01
4.235340744634599752e-01
8.710054411428634624e-02
7.050835258274532613e-01
7.401060065291819035e-01
2.385634766133639117e-01
7.783141864040649116e-01
1.044037225638445171e-01
4.131139296028809582e-01
6.317324724194682550e-02
2.732384132466952886e-01
7.406880247973250952e-01
4.679724050464739715e-01
2.579234732274716113e-01
1.539302607239853293e-01
2.049935438064677540e-01
4.856153111165900649e-02
5.533859195478258997e-01
2.319930145718791525e-01
9.067705984336860148e-02
8.383481232365286306e-01
4.961941847389749749e-01
4.615207751764695554e-01
1.020662426220459024e-01
2.740381363062167064e-01
2.011509144636574320e-01
6.291087115987519240e-01
9.384427600613083620e-02
2.129890122566079347e-01
5.684800154867027944e-01
5.878369682588563405e-01
1.942027230186937348e-01
5.157275649277642815e-02
5.546400024605179224e-01
8.095309054581213415e-01
7.070952919184024799e-01
2.186360341736093560e-01
3.344956929108063859e-01
7.783167770467247504e-01
4.830184651113762495e-01
4.782796383259926287e-01
6.718208610858858454e-02
7.920285588119947429e-01
5.972914271488907190e-01
7.825156903441851108e-01
7.368500208885983005e-01
4.306588573907182416e-01
5.870795975199675221e-01
2.473948149471738300e-01
3.798521525207957938e-01
5.489109069452550171e-01
4.653347212030697899e-01
7.094277058055957763e-01
9.384315136683041292e-02
2.188459320924167617e-01
4.545334471519350550e-01
6.259294380798500201e-01
4.129684816108553647e-01
5.509829316554080147e-01
1.903668683595434175e-01
3.083030348981002922e-01
4.026859313672240259e-01
