2.204112597822966979e-01
1.769276819681265378e+00
1.692836427988368753e+00
1.064331404160928196e+00
1.749848702395363720e+00
1.722473251953309914e+00
2.204112795296439553e-01
1.018913678760413610e+00
9.719889422600667128e-01
2.204112795261594648e-01
3.339091609528378468e-01
5.954790234712732389e-01
6.227089308685905822e-01
3.357521924823366755e-01
2.414549401271878226e-01
2.290799134806657256e-01
2.204112597838355503e-01
4.337409504771184698e-01
6.076772091020274935e-01
3.507314157605526117e-01
2.218350231768139724e-01
1.012729638355297279e+00
9.193679657851645537e-01
2.204118479054582302e-01
7.802532607320895597e-01
3.154430717403230999e-01
2.428948301729186021e-01
3.109254860022369060e-01
3.532197909526524904e-01
2.213187595418882048e-01
6.803745782175349976e-01
7.436736601455361528e-01
8.484576278946927008e-01
9.130204826718002487e-01
1.000127228394955603e+00
4.975902411108608647e-01
3.911260036530462836e-01
3.140367470135301264e-01
2.204973647709340678e-01
4.022439157022926759e-01
3.193338258437949384e-01
6.450963744742772565e-01
6.188701540806221812e-01
9.769921684267477424e-01
8.531219165490350198e-01
4.178811408328289567e-01
2.233131753668332331e-01
2.400594064132381411e-01
5.493847517304285555e-01
6.567958703613178129e-01
9.794044550421496798e-01
2.481765482897660136e-01
9.528687449686067401e-01
7.477273880346045898e-01
8.116161668341618229e-01
6.766570941839481490e-01
2.233812670159520397e-01
8.093643283481114503e-01
2.772637391598391510e-01
5.921426751710656688e-01
1.056635944261963278e+00
5.165608602146116723e-01
6.035831234294412040e-01
4.465845992692704658e-01
2.507323160977711352e-01
3.393480943451868126e-01
2.298223733896022358e-01
9.939746846997077334e-01
3.871739424576994826e-01
2.366442698164656910e-01
6.430553604436147763e-01
8.877964099558063316e-01
3.596145839745913397e-01
2.798575273645682593e-01
5.886640597727179625e-01
5.854024045962452627e-01
7.942995528499056102e-01
8.814210630196975815e-01
8.644059212537028580e-01
2.765956058843329068e-01
9.346538413570449899e-01
8.947511684228701689e-01
3.984357139419790750e-01
3.418088305268389693e-01
4.577365744011953619e-01
6.489933942903119979e-01
9.381851650625039341e-01
4.792080617701291456e-01
5.389462835114092742e-01
5.451491369022379851e-01
6.970584276295227477e-01
8.727135842703849233e-01
6.687745925218621101e-01
4.301837775289920063e-01
2.318703779820255884e-01
4.720643725475183183e-01
9.069391655508786121e-01
3.035046760061660964e-01
8.697408413110341296e-01
4.598311984089691329e-01
4.275701761759681530e-01
1.006913832950563359e+00
3.664410664053219802e-01
2.223191003778059172e-01
3.924466724671715201e-01
8.964830416649229861e-01
7.091321602166322791e-01
3.240699189877697672e-01
3.033757826858389239e-01
5.334899676574370586e-01
9.484158354781280220e-01
1.713720918907348567e+00
3.943142646674085428e-01
2.268958540658611023e-01
2.808499552281163436e-01
4.806447703434594265e-01
9.607109609084458768e-01
6.995593064099743241e-01
4.478851065051562830e-01
6.025867053208339152e-01
6.598513598017236026e-01
7.628074655328939135e-01
6.290407869542226083e-01
7.761756224731859444e-01
6.913471891590511342e-01
8.721725235002807386e-01
7.707823448852704207e-01
8.761959368460005004e-01
2.904239736002187655e-01
2.209222587993966702e-01
5.197300144069890715e-01
9.842248694047983637e-01
6.828584689700470944e-01
4.827721461211740839e-01
2.271866345824455069e-01
3.377947137997210914e-01
3.621881711915209690e-01
7.888689792951836255e-01
3.760389245406914327e-01
9.935252811346126922e-01
7.495826230906706966e-01
1.038456433690230218e+00
3.441685496058985438e-01
4.634482950957348191e-01
6.708462837825369673e-01
6.661800482584907535e-01
3.859417428895989266e-01
1.052841447299369237e+00
9.298860108755906406e-01
3.577274080356043218e-01
9.220656231209349851e-01
3.304271165745056860e-01
2.952700356124108860e-01
9.105804005842524917e-01
3.743401466030869540e-01
2.633288190391834260e-01
7.733624542423787052e-01
7.415981737867469725e-01
2.279573078969616418e-01
9.056856473940301244e-01
6.128867326818956407e-01
5.280869766593171422e-01
2.959261946804067067e-01
8.435774657607826299e-01
2.513203499615642156e-01
4.249080258985580283e-01
2.308440833679220316e-01
4.497969570991079968e-01
4.848373059137333074e-01
5.643182195340491480e-01
4.036985497074667140e-01
4.697661836421591075e-01
1.044605902379846851e+00
1.028987984947147050e+00
9.280925392377462613e-01
1.032205659779339424e+00
5.420493232304423037e-01
7.275791618637116320e-01
6.618101611987742272e-01
5.009899869668030803e-01
6.940218128654280783e-01
2.250979324306794649e-01
5.307726253946398742e-01
5.766897497898276770e-01
2.692494651502534975e-01
5.092758887902559817e-01
7.011911719394684495e-01
2.654733682531719152e-01
9.891439681199738487e-01
4.884840227383899780e-01
3.641257602826158957e-01
5.675112019316758127e-01
4.556574199570482264e-01
7.556474583886957364e-01
7.675737195549483527e-01
7.196705699352480279e-01
7.567679471357582344e-01
6.514644316654478740e-01
3.969156791189542011e-01
1.035683556741427758e+00
7.151713587605128541e-01
2.580686906617885024e-01
9.024428639017120224e-01
5.572770248283416272e-01
7.407722299153987056e-01
3.482413614782868261e-01
2.896280206190787743e-01
4.771169156141062961e-01
6.319645723860602970e-01
2.596110844194841616e-01
4.901942717140455041e-01
5.995386861108717991e-01
8.569937217428632570e-01
2.472511763095649462e-01
6.266449894264510823e-01
2.720410761474745809e-01
4.661253947106291928e-01
5.015073533963391172e-01
5.741733202935176417e-01
6.370211974451001069e-01
8.791977076981342121e-01
7.690883162698856079e-01
7.067873872624305109e-01
7.981713783451783728e-01
3.685085103247747740e-01
4.228237727784142086e-01
8.471139044106613669e-01
1.697035236112788059e+00
8.541085658071265740e-01
4.944116617580159301e-01
3.835594108099984467e-01
1.025126228025958097e+00
6.255175262072706355e-01
1.754525785700093099e+00
9.238150549375366838e-01
8.443094059585409816e-01
9.581375458306891080e-01
4.357338238881745540e-01
4.546874535788572591e-01
1.719892345612599849e+00
6.754916642952142336e-01
3.263214424894911314e-01
4.640517136060900438e-01
1.008788588373071615e+00
4.438474379949506332e-01
5.252501881083220248e-01
8.667840237387710589e-01
4.146717953912775201e-01
2.877543890333923993e-01
3.209778018688966839e-01
7.174567199984308585e-01
9.251804961182406029e-01
2.241370943292372575e-01
2.825483322406226461e-01
2.700994055030496721e-01
4.207595526614297810e-01
6.546868531810615677e-01
5.365940344911331872e-01
5.612548557668046723e-01
8.995742444366926494e-01
6.107759924542741636e-01
7.149016207117675492e-01
4.876555804480747214e-01
3.292197551479966733e-01
7.387562235034572655e-01
2.333496776371971337e-01
7.112338691487063436e-01
2.742481694762010647e-01
6.737218211634368181e-01
9.651716100487300887e-01
3.787510765919649414e-01
7.933369529739850989e-01
5.639229839866699567e-01
2.274373851623807397e-01
5.995409074136883731e-01
7.308792053513230025e-01
6.533708041195386285e-01
8.582054502231459825e-01
9.681516964764451671e-01
5.108987439256250651e-01
4.686715070627378577e-01
3.008031339540301885e-01
7.592118786324435487e-01
8.910979561913278113e-01
8.311672827126705965e-01
2.609141596008555108e-01
8.183966695540465519e-01
6.335694211786599972e-01
2.256202375904219626e-01
2.927546750562402544e-01
5.700846650794968440e-01
7.913319417918177612e-01
2.974392031877223785e-01
7.038436369814917715e-01
8.409267416264071260e-01
2.645406666458031686e-01
1.758637494064576812e+00
7.871230269091841203e-01
6.103769227627708904e-01
8.903878186429399211e-01
6.889742326830662345e-01
4.055738918850275709e-01
2.373502562867518817e-01
6.398733577728519251e-01
2.669172064428007030e-01
5.588277439556790238e-01
2.736783476598396714e-01
2.238126556942892920e-01
1.064281852191335531e+00
2.339242226682360648e-01
8.245200183566914198e-01
6.358349099891209555e-01
3.285016788232825724e-01
4.157452540365592641e-01
4.522849746722644726e-01
8.202179698469564961e-01
8.137786244845371941e-01
5.709576160140309442e-01
7.818756489434988133e-01
2.205776345532865224e-01
2.554638519060865587e-01
8.230279726248136418e-01
5.149775887988157219e-01
2.218400318824879092e-01
7.252338603064879541e-01
7.851384208345318916e-01
9.193688664468775418e-01
7.212805795051580038e-01
8.338770206318552036e-01
6.171281346927820488e-01
6.342545049517089861e-01
3.455200176127914413e-01
8.615523141347900538e-01
5.839108759064440823e-01
7.265108640987716360e-01
4.918331613236093802e-01
2.326740828167360442e-01
3.706059696814955062e-01
8.021272119012622381e-01
8.361159633822047299e-01
8.061122649172840493e-01
2.341756208359463964e-01
1.047523996697163451e+00
9.878367099866829371e-01
6.847377302122616971e-01
2.568813973572553477e-01
3.474504743399049467e-01
9.551397715329714710e-01
2.686326975657728489e-01
5.237136286816587161e-01
9.460637318683114971e-01
5.031471354055793155e-01
2.440874435127219078e-01
9.014140409666407949e-01
3.451641820920892112e-01
2.456130867792685468e-01
7.049161930144552946e-01
5.071764780424466990e-01
6.639498467250036784e-01
8.212238316842569441e-01
2.716795903033957238e-01
7.228643623815846908e-01
7.297882239272148741e-01
4.738530800514236807e-01
5.472892799420483456e-01
4.394080891972648728e-01
3.249241927720383782e-01
8.268582998436008191e-01
8.381419937096636907e-01
1.002384067168769377e+00
3.815292843547981594e-01
5.203408842211842966e-01
5.055487777025373664e-01
1.701220960416979677e+00
2.526184004318605125e-01
3.204558130249305359e-01
8.029724142525067609e-01
9.427780945877668461e-01
6.879704739170615646e-01
5.522263988760738318e-01
3.830489218893232684e-01
3.594347393038400673e-01
8.291804207311680441e-01
9.853536630143766573e-01
4.297928201390322500e-01
8.052707718634202205e-01
7.644635480233407110e-01
2.350730436836129811e-01
2.219786054248372165e-01
7.611100646537781733e-01
5.432667901099759167e-01
2.209721654762742404e-01
5.134567904952797024e-01
4.515101743787647282e-01
3.635857727445696019e-01
8.843888119674916393e-01
7.522785692531505086e-01
2.544663738592281566e-01
8.399265635379509209e-01
9.322563661260272472e-01
8.842295297630137219e-01
1.709051055826846355e+00
2.861904168067642140e-01
6.396697109827670369e-01
4.207597616081372172e-01
5.821167328624655690e-01
2.985534296815685051e-01
5.522382382084697339e-01
5.811182060649322523e-01
5.549199045526715945e-01
7.116400624693730581e-01
7.360756750027488415e-01
2.933679447569461640e-01
3.243231300492887548e-01
3.054846979605341795e-01
5.472892799430474353e-01
2.446743748138736074e-01
1.764857124507213770e+00
8.611585310208705879e-01
2.209721645026877512e-01
1.025734396497893997e+00
5.374383716732181737e-01
4.133797999593496475e-01
1.703316723292866763e+00
6.860595676013652167e-01
2.833489012671064344e-01
9.322570869288304696e-01
3.002443621664523388e-01
2.253418025515824819e-01
2.544849901793343472e-01
5.549199211838824475e-01
2.389171427688235039e-01
9.406090125103471200e-01
6.150991616027100539e-01
4.107053761075245557e-01
3.723760228646363912e-01
1.762758662228465001e+00
3.073584059390326306e-01
6.504578519531613034e-01
5.678528810739955635e-01
9.680079679528058589e-01
3.093516311106909167e-01
2.854472441425958129e-01
7.751785523747224405e-01
2.616543734178680691e-01
9.436463890814420497e-01
5.788098722532054596e-01
1.009963017381078965e+00
7.358823402144614167e-01
2.844804220391655702e-01
5.216978604502876538e-01
7.522840199675514539e-01
8.777123019655524994e-01
8.156203319809942620e-01
1.707110613300759638e+00
4.378464700536789933e-01
7.834055902901381208e-01
9.647221655577685739e-01
2.350681155426157798e-01
4.932461846183652798e-01
5.294479215767574631e-01
9.473124995179941221e-01
7.332018275239642335e-01
8.208412611657535107e-01
3.695235092598445070e-01
9.586393047624395258e-01
8.053733007112293674e-01
4.238048847901266791e-01
4.072900511031252169e-01
8.273936713540477328e-01
1.045935129167843591e+00
4.367520271179942681e-01
2.462411255805531385e-01
3.080282074625833033e-01
7.999398690268473278e-01
6.643600159158977725e-01
2.616525237787104552e-01
5.082351061218834953e-01
5.118254861176476656e-01
1.003374786023844445e+00
2.551732950466943373e-01
3.979122087394975082e-01
2.602979734419195168e-01
2.867698498202368440e-01
5.602238260921342805e-01
4.092122390199041115e-01
7.647549773073089030e-01
6.169658373578474908e-01
4.427073777488692019e-01
5.248508190588606626e-01
3.055954039547513212e-01
9.586456848360953575e-01
7.984196390975345503e-01
5.365940885587173748e-01
3.733944876734605622e-01
5.806692939793210995e-01
4.411517451201700801e-01
8.328220744469846393e-01
6.953295424128902447e-01
5.903342407431760863e-01
