1.723566216503978676e+00
5.383623133395335492e-01
1.584769544969845567e+00
1.077814539094303692e+00
7.180411129146300198e-01
1.007494852590357093e+00
1.176329507785750961e+00
7.618297003304461690e-01
4.523634936244787519e-01
1.076428380498670512e+00
4.461636851749569144e-01
3.662400231690261521e-01
4.098479259153634535e-01
1.563024563296010916e+00
1.012417053312456572e+00
1.032080526117647779e+00
7.660876933021922852e-01
1.501522963562491819e+00
3.293681978160034607e-01
3.859936872134375752e-01
9.503499098285562718e-01
3.299112940027447705e-01
3.503657911092663002e-01
1.069900719003219036e+00
1.732055851812884573e+00
2.681080430895284583e-01
1.632308381362291394e+00
1.477292334314970867e+00
2.759819871172236594e-01
2.887049573315241258e-01
3.153000603396828860e-01
4.514695532968388547e-01
4.715127356115584312e-01
1.555248771684684561e+00
8.502489590138198050e-01
4.012507234097742459e-01
5.144006438526079750e-01
6.085279982860015702e-01
2.789585580938792053e-01
8.502852447342038600e-01
5.981066403192130121e-01
1.775493235899766820e+00
4.312187659812415363e-01
6.505273421896742292e-01
8.286216672476598433e-01
8.987180256587228300e-01
2.897398589866239105e-01
7.674480160531750306e-01
3.884692084531021772e-01
5.467570295876302833e-01
9.129561940597324954e-01
1.483712639643680609e+00
8.115418262910264469e-01
1.457394432483674063e+00
4.644096631572025013e-01
9.139625093744152551e-01
3.014688328590720556e-01
